y_A_0,y_A_1,y_A_2,y_A_3,y_A_4,y_A_5,y_A_6,y_A_7,y_A_8,y_A_9
0.07973267,0.07007518,0.10462302,0.052088927,0.16907895,0.2126201,0.04843968,0.08734217,0.13469908,0.04130029
0.06564297,0.07551765,0.12552254,0.0479539,0.23387292,0.1468998,0.046137333,0.09061592,0.11532505,0.052511916
0.07315213,0.07912645,0.112596475,0.05023992,0.21351454,0.12426981,0.052187577,0.103675276,0.13169792,0.05953987
0.07463131,0.07378626,0.11754733,0.04928442,0.21579854,0.14330003,0.048729267,0.09780614,0.124630354,0.054486386
0.09478351,0.06945,0.10086687,0.050515186,0.16521925,0.16472231,0.0523605,0.1022582,0.1516602,0.048163977
0.07885929,0.06828994,0.113984674,0.048464343,0.1768547,0.18034656,0.049939886,0.085624956,0.14692278,0.050712887
0.09136123,0.06936598,0.100851424,0.051290233,0.17474735,0.17906271,0.049029235,0.105070055,0.13453537,0.04468654
0.08435263,0.07211849,0.09911589,0.052575886,0.18273057,0.18209141,0.045022737,0.11704894,0.120934136,0.04400928
0.10234277,0.07246921,0.086791456,0.053483546,0.16067992,0.17483747,0.0477818,0.12563555,0.1335262,0.04245207
0.08887538,0.076513134,0.09011369,0.0552282,0.16464965,0.16303097,0.05320018,0.12023797,0.13859595,0.04955479
0.095421426,0.07506674,0.09403174,0.054652654,0.18717578,0.1606751,0.047799874,0.12277266,0.120712206,0.041691877
0.09761066,0.07070502,0.09069218,0.05189154,0.14334731,0.19119601,0.048431028,0.10648895,0.15906079,0.04057647
0.09594188,0.0703647,0.09341822,0.05301235,0.157884,0.2097988,0.041748278,0.110846356,0.13122536,0.03576001
0.091902815,0.0713477,0.091063835,0.05303171,0.16307718,0.22500919,0.04149003,0.10679478,0.12194906,0.03433371
0.08423391,0.07344968,0.09246065,0.054112323,0.16566236,0.20640443,0.046264667,0.11208126,0.12598181,0.03934882
0.07543553,0.07373642,0.10203476,0.052743103,0.1875707,0.19399472,0.046704184,0.106766164,0.12008402,0.040930405
0.079030365,0.07721342,0.100567885,0.055683933,0.19963998,0.15438537,0.05229591,0.11392347,0.12054551,0.046714235
0.07569395,0.072811194,0.109990165,0.05242996,0.22870167,0.1654808,0.043598447,0.106514126,0.10321376,0.041565858
0.079062425,0.074284725,0.10622829,0.052781377,0.2196556,0.15337127,0.04719871,0.10936351,0.112470485,0.045583602
0.07652917,0.07402436,0.104921274,0.052954882,0.21147552,0.16197175,0.045412272,0.11456019,0.113147326,0.045003325
0.09675108,0.07914994,0.080870666,0.05853473,0.16656815,0.15285511,0.050919287,0.14729159,0.122034766,0.045024622
0.09688884,0.07660122,0.08325339,0.058568202,0.17932338,0.16128993,0.047013946,0.14626178,0.11159506,0.039204333
0.09022843,0.075051814,0.088573605,0.056542214,0.18910153,0.17020658,0.044173032,0.13612261,0.10994641,0.04005383
0.09037479,0.084327236,0.08080965,0.061454535,0.17561068,0.14504938,0.047737595,0.16169456,0.11115403,0.041787583
0.08102564,0.07608014,0.10666699,0.051764127,0.19992606,0.14013547,0.051759485,0.107955575,0.13309985,0.051586665
0.07123025,0.07742104,0.11221549,0.052629,0.21344863,0.13994114,0.050995383,0.1072608,0.12264409,0.052214097
0.068805106,0.080731824,0.11348147,0.052106317,0.22624144,0.13532901,0.047196712,0.11256803,0.11200314,0.051536974
0.0657302,0.07855806,0.12183029,0.049727328,0.23380278,0.13110973,0.046020873,0.105660975,0.11351366,0.05404616
0.07293944,0.0759433,0.12205041,0.047012236,0.2004284,0.13438672,0.05378838,0.08738861,0.14607279,0.0599898
0.08087344,0.075385205,0.11455224,0.049358264,0.20106652,0.1357188,0.05100192,0.101731054,0.1369502,0.053362355
0.072129935,0.074947886,0.24502136,0.06735874,0.121008046,0.088186815,0.07169402,0.05945862,0.08618813,0.11400651
0.07565359,0.07167717,0.24097604,0.063667074,0.11626745,0.09181719,0.07831424,0.063657336,0.08396339,0.11400655
0.060330234,0.078598425,0.25481647,0.062456448,0.10637715,0.07639719,0.09426845,0.062578045,0.08322499,0.120952584
0.07586775,0.07775963,0.2435781,0.06093741,0.11553959,0.08342998,0.08149847,0.067554735,0.07258737,0.12124688
0.062519185,0.083235964,0.26301086,0.06449529,0.1152306,0.07444113,0.080998875,0.05716273,0.08245968,0.11644581
0.072176434,0.082635455,0.2528018,0.06588849,0.12943684,0.081134096,0.06824475,0.065837614,0.07294922,0.10889529
0.06619747,0.09017037,0.26551452,0.0638395,0.13341703,0.07381115,0.0685408,0.06690831,0.066657536,0.10494332
0.081293695,0.07604681,0.23246406,0.0629809,0.13197367,0.100409806,0.06521931,0.074453734,0.069244504,0.1059135
0.07842105,0.07559107,0.21811262,0.06493093,0.12268757,0.09571345,0.07289671,0.087962724,0.06629702,0.11738686
0.06916282,0.07688422,0.24362482,0.059945237,0.118646376,0.08316767,0.08160006,0.06666635,0.0780829,0.12221954
0.06528355,0.084045626,0.25372884,0.06172977,0.1285301,0.07957973,0.07330943,0.06686219,0.07255567,0.1143751
0.07041247,0.08313914,0.25089923,0.062113892,0.13396095,0.083167985,0.06882823,0.068323895,0.06870709,0.11044709
0.079492405,0.073421836,0.23597538,0.061118454,0.13077426,0.095176525,0.06925577,0.066907555,0.073484555,0.11439316
0.06829624,0.076367885,0.2529639,0.059573162,0.121898554,0.08115851,0.07797686,0.058463387,0.08214551,0.12115601
0.07970431,0.070659794,0.23603787,0.0642983,0.12938972,0.09747672,0.06699521,0.059598174,0.08192826,0.113911614
0.07762335,0.071726464,0.23908353,0.06591321,0.12694712,0.09363719,0.06680554,0.0580543,0.08432641,0.11588282
0.06925914,0.07715423,0.24531123,0.06202714,0.114954025,0.08413894,0.07864102,0.058588676,0.082306705,0.1276189
0.07260631,0.075229086,0.23955473,0.06385279,0.117101446,0.0904405,0.07600933,0.06011693,0.08268171,0.1224072
0.070247166,0.07347646,0.24770306,0.063087516,0.11488956,0.087727934,0.081116244,0.05988963,0.08451552,0.117346875
0.078465626,0.072114944,0.24482213,0.062076867,0.12048718,0.091577426,0.07442915,0.06129022,0.08124509,0.1134914
0.07804548,0.07165685,0.23289286,0.065232456,0.11867519,0.0952228,0.073877096,0.066830896,0.080782585,0.116783775
0.07527476,0.07125913,0.23383704,0.06398423,0.113500446,0.09630319,0.08243604,0.06945734,0.077552706,0.11639524
0.07654397,0.07250671,0.23053099,0.06503476,0.11653826,0.09638476,0.07719783,0.067804694,0.079149865,0.11830812
0.07409809,0.0735375,0.23523639,0.062777445,0.11674161,0.093313016,0.07866498,0.06554323,0.080036834,0.12005084
0.070505284,0.07629205,0.23994602,0.060792297,0.11375815,0.088883825,0.084431134,0.06666965,0.07760794,0.1211137
0.06830014,0.07840911,0.24742135,0.06403155,0.1163976,0.084891886,0.08108046,0.06391461,0.0784986,0.11705474
0.066921614,0.08297782,0.2582321,0.064956866,0.11941607,0.080526926,0.076865405,0.06072577,0.07971595,0.10966155
0.06633336,0.08150047,0.23929203,0.06781636,0.11374903,0.08456481,0.08090286,0.068107344,0.076574914,0.12115884
0.07919104,0.0747195,0.2248822,0.07004479,0.11576514,0.094244756,0.07114852,0.06863114,0.08484723,0.11652563
0.06748996,0.08201097,0.23386493,0.06833782,0.10485145,0.07894339,0.08217058,0.06809322,0.08252227,0.13171539
0.06545269,0.19569294,0.062464863,0.18082719,0.11141,0.077594824,0.11254987,0.013441252,0.067502484,0.11306399
0.0653853,0.18838006,0.06526292,0.17882614,0.12135304,0.08438024,0.10961907,0.0132746855,0.06898452,0.10453397
0.068282716,0.1902563,0.06685508,0.17296895,0.122046344,0.07774195,0.10251601,0.013479405,0.08085717,0.10499609
0.063895226,0.19312187,0.06486672,0.18403447,0.11580479,0.07447091,0.10824966,0.012967535,0.07442597,0.10816287
0.06807716,0.19677718,0.06078776,0.18122,0.12497787,0.08277619,0.09964026,0.014056688,0.06860359,0.10308327
0.06389601,0.20012683,0.0635701,0.17924485,0.12113009,0.073655486,0.103329316,0.0137009965,0.07439574,0.106950626
0.061588384,0.18857987,0.05271289,0.18053855,0.14213149,0.09723222,0.10790366,0.016614823,0.05387905,0.098818995
0.07014373,0.18931691,0.061993174,0.17119646,0.13650826,0.08973321,0.09413403,0.015418627,0.071818404,0.09973726
0.06477093,0.19959222,0.058653016,0.18110757,0.13394989,0.08206373,0.0918349,0.01554399,0.068605326,0.1038785
0.06875844,0.19649263,0.062070042,0.1757128,0.13686933,0.0873155,0.093104005,0.013836848,0.06906187,0.0967785
0.0708109,0.19833626,0.065357834,0.1766387,0.1308942,0.0787859,0.08629911,0.013074996,0.08103041,0.098771766
0.06881756,0.1984911,0.061722625,0.17594181,0.14160262,0.07744946,0.08157983,0.01388295,0.083797105,0.096714914
0.069340765,0.19540897,0.0652821,0.17152964,0.14178151,0.07634062,0.0815699,0.013345695,0.08923554,0.09616522
0.07143961,0.19285895,0.060796555,0.1722192,0.14757468,0.086659655,0.0825252,0.014413465,0.077659346,0.09385333
0.073380426,0.19507924,0.07215359,0.16971074,0.13195759,0.073285244,0.07839357,0.01209543,0.09698605,0.096958056
0.070562884,0.19864735,0.06766302,0.17261198,0.12835932,0.07715133,0.08742461,0.012343949,0.08338186,0.10185376
0.074034095,0.1942534,0.07331899,0.16591793,0.12734742,0.07762669,0.085863665,0.011968541,0.09015552,0.09951375
0.07050576,0.18691604,0.066124044,0.1645017,0.13709547,0.09654678,0.10110042,0.013853636,0.065788776,0.097567365
0.06451257,0.18864061,0.06020165,0.17477906,0.12988988,0.09342937,0.11014914,0.01431385,0.05907955,0.10500427
0.07316654,0.19040254,0.07230295,0.16840631,0.1256765,0.07978934,0.094783485,0.011935871,0.08490327,0.0986332
0.0717247,0.19326705,0.06278419,0.16863939,0.13841335,0.0910785,0.09403706,0.01360151,0.07130129,0.09515293
0.07358896,0.19005045,0.0790003,0.16519926,0.11667849,0.06868155,0.087574236,0.011392261,0.10619761,0.10163693
0.069453165,0.1903439,0.06724902,0.16493711,0.1341548,0.08366536,0.09960937,0.0130734015,0.076565646,0.100948215
0.0685248,0.19295798,0.06259103,0.17104986,0.13789235,0.08175965,0.09383043,0.013772729,0.07877419,0.09884698
0.06946515,0.19538973,0.06341772,0.17140697,0.13702007,0.08365651,0.092039764,0.013712528,0.074597515,0.099293984
0.06764198,0.19938953,0.0659955,0.17844951,0.13335311,0.07394779,0.083667666,0.013356856,0.08644267,0.09775534
0.067814805,0.19376978,0.06477736,0.17888121,0.13101356,0.07914298,0.09235115,0.013558217,0.078305334,0.10038563
0.06328006,0.19941676,0.062970325,0.18414436,0.13320376,0.074862644,0.08991605,0.013784855,0.07805778,0.10036345
0.07026181,0.19251633,0.06965755,0.17591332,0.12915629,0.069571145,0.07780722,0.013182926,0.101180606,0.10075284
0.076384716,0.18830632,0.06794143,0.16930713,0.1391978,0.082736365,0.07468051,0.014545918,0.09196612,0.09493374
0.033528082,0.109201565,0.07720215,0.049299438,0.1812084,0.22261702,0.056544054,0.057519425,0.071691185,0.14118871
0.034268256,0.09685387,0.06724534,0.04846725,0.16879475,0.23933671,0.06478614,0.054171205,0.07642121,0.1496553
0.029350692,0.12343334,0.07523233,0.052941125,0.17447811,0.20078607,0.06559649,0.06285923,0.0665712,0.14875144
0.030325707,0.13151696,0.09998157,0.054442905,0.20545614,0.15386817,0.06515178,0.068747565,0.04955359,0.14095563
0.028391644,0.14465141,0.1076446,0.05529367,0.23260601,0.13699187,0.05799533,0.061377797,0.04373296,0.13131475
0.029046902,0.13901237,0.09840934,0.055568177,0.24027303,0.13710174,0.06318597,0.06387483,0.040026195,0.13350151
0.026188787,0.14154492,0.08635281,0.05995084,0.21203049,0.12984693,0.07582889,0.08866102,0.03521995,0.14437538
0.023979917,0.14277512,0.07963609,0.059761085,0.17471442,0.12588598,0.087694034,0.09074267,0.041339464,0.17347118
0.026299449,0.1447995,0.08747856,0.061447732,0.20468423,0.13180457,0.0752138,0.08789755,0.03579181,0.14458275
0.028237928,0.1348648,0.08791656,0.056896023,0.17921034,0.14988771,0.07507662,0.076110214,0.049061634,0.16273816
0.030352173,0.14136036,0.11400715,0.056645688,0.22093304,0.1383829,0.058410726,0.067886986,0.041138005,0.13088298
0.030951336,0.13759133,0.11433517,0.05901823,0.2169541,0.1327801,0.062485293,0.08624681,0.032645337,0.12699232
0.031274192,0.1346843,0.11975884,0.057368454,0.23512138,0.13522099,0.05958257,0.077196606,0.03458461,0.11520812
0.027828623,0.13733955,0.08825474,0.057450898,0.18785019,0.13861245,0.07833709,0.08199133,0.04132605,0.16100912
0.02528801,0.14184578,0.07787518,0.055009138,0.1741766,0.13783859,0.082372785,0.066556685,0.05277034,0.18626699
0.021802904,0.15691635,0.07093653,0.056554805,0.18441324,0.111165814,0.086508974,0.065403886,0.04551442,0.20078304
0.024892682,0.16586165,0.09571552,0.057514984,0.20408478,0.11116808,0.06327566,0.057872728,0.045567915,0.17404601
0.026099969,0.16676262,0.10154211,0.05769991,0.24020115,0.10717013,0.05980722,0.057737928,0.035772476,0.14720652
0.024220027,0.17235006,0.10492545,0.05775302,0.21693374,0.10196083,0.059336226,0.054741357,0.04296409,0.16481526
0.023224471,0.17877237,0.10437104,0.05714007,0.2061126,0.09620601,0.058217913,0.05068738,0.04493517,0.18033288
0.024867091,0.12908839,0.060963057,0.05377054,0.23489092,0.14916724,0.09308592,0.061214723,0.04052401,0.15242814
0.025289776,0.12653038,0.062044855,0.05281123,0.1578883,0.1718983,0.080794975,0.060443096,0.06955726,0.19274181
0.030151231,0.11146275,0.06047202,0.053656876,0.18810427,0.18894094,0.08362704,0.06611429,0.05220029,0.1652703
0.029463897,0.1460953,0.10063615,0.05409904,0.25612926,0.14128585,0.05500424,0.05131851,0.041308045,0.12465974
0.026111785,0.16278023,0.09236147,0.057751868,0.224617,0.12206716,0.060551174,0.059077855,0.041247662,0.15343371
0.02515741,0.14801244,0.08049389,0.053520072,0.19957104,0.14616498,0.06852056,0.04980467,0.05992047,0.16883451
0.024881955,0.15266158,0.0893293,0.05454485,0.2067093,0.12764038,0.067828804,0.052224554,0.053276494,0.17090274
0.026214503,0.1542643,0.099500366,0.054643154,0.21229997,0.12855041,0.05791535,0.049077258,0.055330865,0.16220382
0.026207916,0.14360434,0.07647213,0.055476744,0.21030219,0.14481957,0.069793545,0.054037377,0.052937083,0.1663491
0.026186822,0.15250927,0.09362532,0.055463232,0.20405428,0.13548854,0.060594864,0.049750708,0.05718466,0.16514233
0.05207921,0.036043562,0.13807671,0.042547744,0.20646991,0.09372783,0.08220339,0.104614764,0.12622885,0.11800806
0.050817512,0.035223525,0.13977267,0.041513905,0.20811692,0.09482065,0.07928473,0.10841578,0.12592714,0.116107106
0.050765235,0.03491867,0.14122641,0.039738722,0.22072105,0.09549954,0.074258685,0.107321486,0.1248976,0.11065264
0.053501464,0.04340365,0.14020073,0.04757469,0.22214714,0.09245344,0.08429975,0.11920574,0.089469016,0.10774447
0.055698153,0.04375322,0.13991666,0.04912607,0.2093219,0.09008033,0.08882538,0.113438174,0.09528812,0.11455203
0.06283995,0.045121048,0.13563024,0.057273526,0.17158224,0.08966913,0.101264656,0.12170214,0.08764993,0.12726715
0.048898384,0.034801807,0.16586646,0.03862112,0.23764874,0.10849541,0.07312784,0.12644947,0.071869195,0.09422163
0.063342586,0.035428658,0.1413358,0.044914875,0.20271802,0.10526779,0.100166075,0.11639961,0.083099835,0.1073268
0.060100425,0.030982219,0.15769285,0.038404964,0.2053721,0.10863619,0.08102295,0.11141819,0.093879685,0.11249041
0.05064352,0.02970304,0.15317692,0.03542074,0.22482017,0.110341564,0.07715811,0.11529981,0.101242185,0.10219391
0.058692496,0.030033646,0.15463166,0.036606733,0.21534401,0.11030479,0.07955652,0.10680281,0.09924927,0.10877808
0.049485616,0.030945765,0.1620583,0.034210436,0.23882996,0.10293808,0.06676827,0.10625322,0.10726959,0.101240814
0.05251121,0.034350857,0.15857133,0.037811425,0.23555174,0.1017145,0.07199104,0.11045616,0.09521337,0.10182836
0.05291819,0.035220277,0.17395417,0.0400964,0.2218194,0.09701479,0.06528954,0.1191978,0.092324406,0.10216511
0.056952037,0.037091475,0.15086655,0.04250468,0.23002887,0.09907165,0.07890716,0.11275725,0.09355147,0.09826883
0.05988566,0.037720397,0.1520763,0.043733053,0.22463484,0.10044113,0.08447329,0.11215441,0.08307355,0.101807386
0.057104975,0.03796313,0.16994755,0.044638094,0.20687644,0.099505536,0.0796489,0.12569362,0.07612279,0.10249892
0.061864715,0.038096197,0.15511698,0.04700934,0.20214856,0.09887904,0.091486946,0.11971281,0.08084091,0.10484459
0.06391236,0.031134084,0.14739935,0.04034996,0.19855902,0.10793866,0.09054246,0.10999247,0.09720281,0.11296876
0.046719503,0.029223766,0.15955539,0.03255456,0.2428826,0.10943102,0.06577463,0.11390273,0.10256279,0.09739306
0.04583643,0.028305938,0.17742698,0.031247715,0.2438345,0.1118416,0.060493376,0.11253336,0.0937551,0.094725035
0.0517389,0.025985042,0.1639326,0.029092452,0.26075613,0.12426747,0.06546544,0.10640307,0.083802976,0.088555954
0.04859585,0.028690485,0.17463243,0.031002559,0.2601678,0.11164952,0.059860956,0.10886125,0.08750275,0.08903646
0.050500628,0.028071148,0.16970061,0.030624209,0.26165175,0.11345077,0.060995948,0.1074484,0.08900459,0.08855193
0.052025698,0.02765052,0.17378052,0.031063762,0.25263718,0.114449985,0.061335437,0.10830765,0.08818383,0.09056545
0.057205074,0.030543167,0.16955054,0.03660341,0.21912426,0.10603665,0.0709307,0.1095839,0.09677489,0.10364735
0.060392525,0.032603167,0.16822562,0.038786836,0.22399597,0.10370958,0.07194282,0.1108512,0.08908191,0.1004104
0.05368095,0.030357994,0.16979153,0.03486106,0.23063385,0.10238104,0.06388362,0.1065636,0.107520185,0.100326136
0.058583695,0.0343402,0.15715078,0.040566973,0.21795918,0.09796428,0.07510103,0.10668271,0.10708995,0.10456121
0.054965936,0.035017192,0.1574255,0.040981065,0.21584749,0.09499577,0.070796035,0.10525814,0.11744586,0.10726703
0.03070953,0.055000678,0.09039571,0.047195166,0.067123905,0.19703844,0.09446976,0.052517883,0.06725147,0.2982975
0.02755035,0.05329584,0.088041745,0.044452764,0.05516374,0.18749428,0.08711353,0.05472292,0.06723507,0.33492973
0.031552266,0.05345568,0.09360423,0.046593904,0.06907718,0.20093182,0.0983798,0.055809423,0.060106244,0.29048944
0.030998394,0.05107022,0.10023068,0.043935392,0.06821595,0.19890994,0.08927524,0.051344737,0.06541361,0.3006058
0.02757412,0.053133518,0.08917376,0.04437192,0.054310802,0.18852007,0.08886788,0.05679217,0.061240364,0.33601543
0.026477268,0.051818427,0.083321206,0.0431025,0.055973925,0.2012938,0.08645483,0.06049384,0.06797018,0.323094
0.028823392,0.056477167,0.085894085,0.047809586,0.058443375,0.18806945,0.09884122,0.05789152,0.05592363,0.32182652
0.029254315,0.055061404,0.08724613,0.048010707,0.062959425,0.19137542,0.09711144,0.057597555,0.06045072,0.31093293
0.027171196,0.05051359,0.08746166,0.044266224,0.060913153,0.20266676,0.09196856,0.060972657,0.059120603,0.3149456
0.029537326,0.053193305,0.09326796,0.046873357,0.064969055,0.1918099,0.09872452,0.05472372,0.0547543,0.31214648
0.03299054,0.05807681,0.08746591,0.053204514,0.063897185,0.18378073,0.10921516,0.055588156,0.053875957,0.30190513
0.031876866,0.053765513,0.09277345,0.04841135,0.06440519,0.19056535,0.094478935,0.052421067,0.06688427,0.30441794
0.029620992,0.056567937,0.08512948,0.04923495,0.054926157,0.18208309,0.09904361,0.05788292,0.058310952,0.32719994
0.029744986,0.056877237,0.08302645,0.050500453,0.05263818,0.17895083,0.09946313,0.05863392,0.05790701,0.33225784
0.032736577,0.057245538,0.089270405,0.05295044,0.060819656,0.18215752,0.110444605,0.05878317,0.051655017,0.3039371
0.030241385,0.052610915,0.08152394,0.04717414,0.056135453,0.1981358,0.09385818,0.060424857,0.06552118,0.31437415
0.02882126,0.05334559,0.08938359,0.04634707,0.058849163,0.19195063,0.09663497,0.05618135,0.056688722,0.32179764
0.030343749,0.056611154,0.081874385,0.05030728,0.058621626,0.19028403,0.106054015,0.06004337,0.053887375,0.31197298
0.024668876,0.05127577,0.07896962,0.046263233,0.046749413,0.18686351,0.08975895,0.074427284,0.05513643,0.3458869
0.025696289,0.050359752,0.08594902,0.04216561,0.060309913,0.20238192,0.08746978,0.056615796,0.0663703,0.32268167
0.025265228,0.049029,0.08416372,0.041781317,0.051018223,0.18342854,0.07958027,0.051667705,0.07583409,0.3582319
0.026772298,0.04997953,0.08758515,0.0424395,0.061924987,0.19506957,0.08405672,0.05233575,0.07825193,0.3215846
0.025520243,0.0505827,0.082383454,0.04284748,0.052804243,0.18556556,0.08315564,0.053449925,0.07425803,0.34943274
0.026154572,0.051632065,0.083050705,0.044264864,0.05258423,0.1821188,0.0868689,0.054452334,0.067955725,0.35091785
0.023394017,0.052206676,0.07739574,0.04286049,0.046179418,0.17655718,0.08393582,0.058085043,0.06459848,0.37478718
0.025331961,0.052261453,0.078516595,0.0443944,0.052692328,0.19511029,0.09097564,0.06298717,0.05923068,0.33849952
0.025224691,0.050114334,0.0822988,0.04235865,0.055672146,0.19886781,0.085488304,0.059060648,0.06544881,0.33546573
0.025543658,0.05234141,0.07929506,0.04478821,0.048301823,0.18123846,0.08915753,0.06355645,0.05957849,0.35619897
0.026105346,0.051390927,0.0859329,0.04392579,0.05473143,0.1960796,0.08725222,0.067301236,0.060180265,0.3271003
0.02424183,0.05385082,0.078743294,0.043865755,0.048015412,0.18489592,0.085283816,0.064741634,0.063104056,0.35325745
0.08126014,0.05661908,0.09159175,0.12148232,0.07503357,0.0914765,0.05654979,0.086152144,0.19111483,0.14871989
0.10745119,0.06300486,0.06317365,0.16424161,0.036153655,0.06838401,0.074922696,0.036536112,0.12338966,0.26274252
0.10922515,0.06504451,0.06776372,0.15842137,0.040770397,0.071601994,0.07770413,0.03717718,0.12546714,0.24682441
0.10670974,0.0642178,0.05085397,0.15474169,0.039326627,0.07464519,0.09414122,0.030101426,0.123835914,0.26142648
0.089732535,0.06485594,0.09291745,0.14647962,0.05400981,0.07580938,0.059155926,0.06258957,0.15191415,0.20253563
0.102638304,0.06273265,0.06525886,0.15733875,0.0429062,0.07979772,0.07504273,0.04289108,0.13809659,0.23329702
0.10388518,0.065900095,0.054418463,0.15947886,0.039639607,0.0726371,0.09063655,0.03243727,0.12218003,0.25878677
0.102119416,0.06404862,0.05128742,0.15847184,0.040433183,0.07649052,0.09409787,0.030204706,0.12759994,0.2552464
0.08066656,0.05700477,0.097752675,0.13106999,0.06573146,0.08508526,0.053084895,0.07293729,0.18575472,0.17091244
0.07359505,0.05658598,0.0950415,0.12845117,0.07979665,0.0962471,0.05425608,0.10461905,0.18722536,0.124182075
0.08424353,0.061898977,0.09151792,0.14025927,0.070766754,0.09336213,0.06327186,0.090950675,0.16364123,0.14008766
0.07750493,0.05929717,0.08732495,0.14355901,0.062097304,0.08605622,0.060813993,0.06331292,0.179426,0.18060751
0.09583302,0.06514981,0.06479523,0.16438207,0.042821337,0.07540801,0.08335086,0.039602518,0.13140205,0.23725505
0.080267616,0.060061578,0.097032525,0.13304847,0.06472167,0.08543268,0.05619923,0.074805126,0.17607519,0.17235592
0.09778968,0.06264388,0.082453236,0.1600428,0.057633203,0.089385,0.06926416,0.0787266,0.14373581,0.15832563
0.09349105,0.06388348,0.086395904,0.16061875,0.05119528,0.0799822,0.067036115,0.057317484,0.14571323,0.19436647
0.09485214,0.065050334,0.08447537,0.15997349,0.05437388,0.08530516,0.066606425,0.07535948,0.14289501,0.17110868
0.08901951,0.06356322,0.08562884,0.15460648,0.05091043,0.07616481,0.06283727,0.0550128,0.15117772,0.21107899
0.09394711,0.06655175,0.08267757,0.1662061,0.051748354,0.08030167,0.07030491,0.058752093,0.13887943,0.19063096
0.09632618,0.06530896,0.0824087,0.16348661,0.04748022,0.07848008,0.067232065,0.061357696,0.13702324,0.20089626
0.09333315,0.063488394,0.080744945,0.16394828,0.04752965,0.07733582,0.06649512,0.05464089,0.14375313,0.2087306
0.08133972,0.0592765,0.09417107,0.14325066,0.06506822,0.08556966,0.056513548,0.07130137,0.17635252,0.1671568
0.08914905,0.06648077,0.08735996,0.16213384,0.05262665,0.07917375,0.062292602,0.07025928,0.14386147,0.18666266
0.08485118,0.062618874,0.096171185,0.15270133,0.05409151,0.07892701,0.05482461,0.068981096,0.15884693,0.18798621
0.08493636,0.057144403,0.077390514,0.14236999,0.057190303,0.08589448,0.06646254,0.051260523,0.17947012,0.1978808
0.099874444,0.06258857,0.07216447,0.15011677,0.05633564,0.089837745,0.08094411,0.056118105,0.14834537,0.18367475
0.087399624,0.0623561,0.07639876,0.14769061,0.054589827,0.083672225,0.06837504,0.05747212,0.15974508,0.20230058
0.083982676,0.060871173,0.07685205,0.15342668,0.05518669,0.08195063,0.0681327,0.052908137,0.16562988,0.20105948
0.084175915,0.060279347,0.08925722,0.15050305,0.054814868,0.07976882,0.056481626,0.06286509,0.16732267,0.19453129
0.08838819,0.06491162,0.08401055,0.15688127,0.056537732,0.08308759,0.06562162,0.063558266,0.15308489,0.18391827
0.0428539,0.062403377,0.10920932,0.057270028,0.08890254,0.051225174,0.06589057,0.099196985,0.14718048,0.27586764
0.049590137,0.06257312,0.12829553,0.06201281,0.12648068,0.065705664,0.062085684,0.09821691,0.14268595,0.20235343
0.046017878,0.052816205,0.108837105,0.05353448,0.11083019,0.060159206,0.05880377,0.12927002,0.16369797,0.21603325
0.040478572,0.047666274,0.089253545,0.047094148,0.1006773,0.058117718,0.047333103,0.14965773,0.20364779,0.21607392
0.044421483,0.047190957,0.09296231,0.04717817,0.1016499,0.054650843,0.04470317,0.1679659,0.19340482,0.20587255
0.05137699,0.06338182,0.110940725,0.066970296,0.1124759,0.06476769,0.08975472,0.12692519,0.15009119,0.16331552
0.04888467,0.05863263,0.09886184,0.059961114,0.12309611,0.073683135,0.07071559,0.13352738,0.18881668,0.1438208
0.043028783,0.064533204,0.10219039,0.075551055,0.09805226,0.06371174,0.16006039,0.089768656,0.11409211,0.18901137
0.05015768,0.06713349,0.11211492,0.06972946,0.11380206,0.06684668,0.093634866,0.12141798,0.15042016,0.1547428
0.046293307,0.060527697,0.10207367,0.06940149,0.1070613,0.06860233,0.13369635,0.12481891,0.13513581,0.15238912
0.046349604,0.056552373,0.09795981,0.059875794,0.0923661,0.06095754,0.10863254,0.1498573,0.15420258,0.17324634
0.037461914,0.060340885,0.103261575,0.056616146,0.07927059,0.05464002,0.08009547,0.1019689,0.15447293,0.2718716
0.04761607,0.06521735,0.13250028,0.06438962,0.10136837,0.059240308,0.07800067,0.09062117,0.12814403,0.23290206
0.05034163,0.06545486,0.13975313,0.06612837,0.1272328,0.07442684,0.08024096,0.08820043,0.12903169,0.1791893
0.052915934,0.067595966,0.12962855,0.06941474,0.12705107,0.07309701,0.08784085,0.10016373,0.1362335,0.1560587
0.051219005,0.065233156,0.14793634,0.0665123,0.1335777,0.07547564,0.07367141,0.08559142,0.124201305,0.17658179
0.04998015,0.06480607,0.14569047,0.064094074,0.12666482,0.07120431,0.06670197,0.083289735,0.12778945,0.19977896
0.050793245,0.06951739,0.15052176,0.07321353,0.12711443,0.0690208,0.08255886,0.078727104,0.108166866,0.19036601
0.05201538,0.06568743,0.14191182,0.068581894,0.12455699,0.06418086,0.069426306,0.1065173,0.12350118,0.18362086
0.051974554,0.068186074,0.15480189,0.07303114,0.13023134,0.068504095,0.072619505,0.068061836,0.10041309,0.21217653
0.050845828,0.06738855,0.15101486,0.07088612,0.12941565,0.07421959,0.08235272,0.064159445,0.10352764,0.20618963
0.049672298,0.06555361,0.15037154,0.06782885,0.1251219,0.0718484,0.07563566,0.06512106,0.10522278,0.22362393
0.044368245,0.05467992,0.11450892,0.055025518,0.10625698,0.0745314,0.09399117,0.10945984,0.15290633,0.19427173
0.043463584,0.0622916,0.13872187,0.0617862,0.10852611,0.07539168,0.08721767,0.066600464,0.12469149,0.23130931
0.053961,0.06787969,0.1621605,0.06691234,0.13463321,0.07230829,0.06309434,0.06624547,0.1128942,0.19991098
0.042026907,0.057320032,0.11582562,0.05506145,0.0936509,0.0609807,0.06628713,0.08798726,0.15080832,0.2700517
0.04020617,0.058331907,0.110979885,0.056647826,0.09415372,0.06307463,0.07475647,0.08676407,0.14962924,0.26545602
0.04375133,0.063628845,0.13489203,0.06268616,0.11335464,0.07202827,0.07674542,0.07173628,0.12817124,0.2330057
0.05201032,0.069042265,0.15073505,0.071507156,0.1245767,0.069813974,0.08118939,0.06750875,0.10493301,0.20868339
0.054035366,0.074664846,0.14812316,0.08316149,0.11391765,0.061379958,0.10043473,0.055372566,0.08467336,0.22423682
0.052550614,0.07917384,0.07325283,0.07310487,0.11290214,0.082335606,0.16475159,0.14021471,0.032318108,0.18939564
0.048996042,0.07893084,0.06528036,0.07530338,0.10269745,0.07666124,0.18044329,0.13011535,0.031348452,0.2102236
0.056422148,0.0843446,0.074377626,0.078026466,0.12414412,0.09298938,0.12641664,0.118075915,0.043759838,0.2014433
0.06985378,0.08452144,0.07656205,0.07382349,0.1308324,0.09586789,0.11345835,0.15523358,0.043594677,0.15625232
0.047021594,0.08200948,0.065065645,0.079753995,0.10271217,0.0750177,0.19647826,0.13412125,0.026052888,0.19176699
0.062443573,0.07832778,0.06496823,0.06706809,0.11559683,0.08891752,0.113399975,0.13966234,0.052025974,0.21758974
0.07077923,0.08133877,0.07023033,0.072435975,0.14566672,0.10954517,0.12603517,0.16354713,0.04126906,0.1191524
0.058985457,0.0736787,0.073638774,0.06702842,0.11784041,0.10810968,0.13521548,0.16850351,0.045425195,0.15157437
0.06385665,0.066952504,0.07274637,0.064493366,0.09164314,0.08339953,0.12652387,0.19179103,0.043697294,0.19489615
0.04662725,0.0801261,0.06369008,0.07596859,0.1082666,0.07855783,0.21403326,0.13587971,0.026382852,0.17046776
0.040619265,0.07805078,0.055877883,0.0750433,0.09986055,0.06988258,0.2532012,0.117899075,0.023888001,0.18567736
0.06429845,0.070100546,0.06967572,0.06505173,0.09745134,0.082869895,0.12347595,0.17487592,0.04499492,0.20720555
0.065153874,0.07265242,0.06712602,0.06448236,0.09845023,0.089384615,0.13665475,0.20551535,0.041967347,0.15861306
0.072391875,0.070605576,0.07360207,0.060825817,0.11385549,0.10963893,0.102684416,0.21796373,0.05030773,0.12812439
0.081493065,0.06232913,0.06356111,0.05458688,0.108609326,0.11177539,0.09888543,0.27537802,0.04764626,0.095735304
0.045794938,0.09368226,0.06588869,0.08412678,0.12027374,0.068480276,0.20985086,0.13108978,0.017247684,0.16356504
0.056929737,0.08835275,0.07455889,0.08022623,0.11872421,0.0824564,0.12560977,0.15581945,0.028729254,0.18859334
0.05331467,0.10118899,0.07298186,0.093231305,0.14131816,0.07939963,0.16223997,0.122875094,0.020707346,0.15274298
0.062190138,0.09279368,0.073652714,0.08313087,0.13984628,0.09242203,0.10449545,0.13164559,0.035857093,0.18396607
0.074710876,0.08570046,0.06322815,0.07288607,0.16179435,0.114984855,0.10947366,0.18147758,0.037893776,0.097850226
0.07589059,0.07474459,0.0572824,0.06274418,0.13768548,0.10219148,0.110510945,0.19481088,0.046279427,0.13786003
0.07010879,0.07572105,0.06033974,0.06476715,0.12898594,0.097656004,0.11868094,0.17764516,0.045781646,0.1603135
0.0547673,0.07749154,0.06133663,0.06852601,0.11345897,0.08383688,0.1432307,0.1372816,0.040898606,0.21917172
0.050261423,0.08131072,0.058436148,0.07691952,0.11954553,0.08406974,0.18855955,0.1306151,0.029793518,0.18048875
0.05313273,0.09278495,0.0750724,0.08495627,0.14616314,0.10037517,0.14828068,0.124789186,0.03224539,0.1422
0.053653587,0.087446384,0.056732535,0.075205505,0.13494015,0.09383048,0.19067764,0.12409036,0.035332635,0.14809082
0.053787977,0.08050936,0.06007168,0.07174208,0.112849675,0.09058355,0.16750625,0.14090344,0.039465927,0.18258014
0.049242746,0.08186959,0.05800545,0.074903294,0.13075131,0.09508212,0.20467396,0.11964866,0.033843264,0.1519796
0.05467745,0.074723944,0.06947048,0.06908186,0.112627625,0.09036293,0.13339679,0.12587993,0.047541738,0.22223723
0.049563225,0.07939551,0.05646975,0.07125718,0.11439109,0.08297335,0.20267016,0.115992896,0.03652298,0.19076382
0.05505112,0.04849188,0.073189564,0.048123237,0.2946685,0.13917452,0.09324243,0.078720085,0.09407685,0.075261846
0.056551255,0.052725825,0.08193378,0.054361846,0.28010243,0.12597296,0.0892771,0.080691755,0.094024524,0.084358536
0.06106581,0.054975115,0.08266689,0.056787558,0.28749773,0.13183925,0.077084206,0.07988733,0.090998,0.0771981
0.055715945,0.05672632,0.07422727,0.055099916,0.29722574,0.12223334,0.09616878,0.080715075,0.087998964,0.07388866
0.052620105,0.055132415,0.076477565,0.05512593,0.2808288,0.11817433,0.10454884,0.089729,0.09010118,0.07726184
0.05630057,0.049721673,0.08402655,0.054136366,0.26545435,0.12834641,0.08126597,0.09253241,0.1002174,0.087998316
0.051958077,0.036341812,0.06226981,0.03892157,0.25707132,0.1493656,0.101114996,0.09208077,0.10996568,0.1009104
0.050207607,0.042813692,0.055627596,0.041646283,0.3027712,0.14450265,0.10238664,0.10375145,0.093460135,0.06283275
0.047918104,0.036910124,0.04511495,0.034501284,0.31550467,0.15144983,0.119956896,0.107692204,0.08885028,0.052101675
0.052667744,0.04068846,0.07463065,0.043747604,0.25866607,0.1492615,0.08607291,0.08743103,0.10985899,0.096975036
0.04812249,0.05066283,0.068385586,0.048826225,0.28376034,0.1252503,0.123211876,0.07494059,0.08827422,0.088565476
0.053469673,0.04623208,0.06988986,0.045463186,0.28121862,0.14748715,0.1010688,0.07497902,0.095340796,0.084850825
0.051946416,0.040668663,0.05740946,0.038296677,0.2977235,0.1560905,0.114437446,0.07062007,0.096833214,0.07597404
0.04964119,0.04760692,0.057500962,0.043927692,0.31140348,0.13694659,0.12437526,0.07538094,0.08584799,0.06736899
0.046927363,0.039226513,0.04846774,0.035363633,0.3122295,0.15620863,0.13438296,0.075051636,0.08713935,0.06500266
0.04886351,0.035850544,0.04417497,0.032595553,0.29545006,0.16384816,0.1458456,0.08478021,0.08547273,0.06311863
0.052081365,0.03442878,0.063436806,0.03480825,0.25358889,0.1769226,0.10056956,0.07514357,0.11111379,0.097906396
0.049968783,0.04047297,0.06373947,0.03997232,0.26928607,0.1555243,0.11424402,0.0783849,0.10084021,0.08756702
0.05209371,0.04737004,0.08359524,0.049945544,0.257912,0.13526285,0.08925944,0.08675766,0.102013074,0.09579042
0.053508047,0.050385,0.092520334,0.0562336,0.25593534,0.12375566,0.07946713,0.0916757,0.10152208,0.09499705
0.054710817,0.044397984,0.07773715,0.047714446,0.26587534,0.13871354,0.0882435,0.10277989,0.10115015,0.078677185
0.052657027,0.041708246,0.077740856,0.045677677,0.25877088,0.1403439,0.088669956,0.09727595,0.10782462,0.08933093
0.05407748,0.040992126,0.08162201,0.04404878,0.2370298,0.15693446,0.077331685,0.08948742,0.11501597,0.10346028
0.046781506,0.032795187,0.047592897,0.03137523,0.27722752,0.16770522,0.13014428,0.09815493,0.09929254,0.068930626
0.049898334,0.03867931,0.06740755,0.038497843,0.27792004,0.16432792,0.09861117,0.08043741,0.10515559,0.079064846
0.051964022,0.035903536,0.07155746,0.03781346,0.24385072,0.16739587,0.091296114,0.08476112,0.11740805,0.09804963
0.046877466,0.03764256,0.050441694,0.036255732,0.28677544,0.14990033,0.13914332,0.096849784,0.09093567,0.065178014
0.048674576,0.040171105,0.06820463,0.041724037,0.2561158,0.15042911,0.107184045,0.08432243,0.10618461,0.09698961
0.04994674,0.043337423,0.07068607,0.04452774,0.26088014,0.14420807,0.109027855,0.08098127,0.101087786,0.09531699
0.05133227,0.047786776,0.07564216,0.0484925,0.27421358,0.13271572,0.10493513,0.077750064,0.09635225,0.09077954
0.071387164,0.045133635,0.1214297,0.04005787,0.07179771,0.036519792,0.23782508,0.029459307,0.14896184,0.19742785
0.055471074,0.038527366,0.07755174,0.03576067,0.042278517,0.047785357,0.26583952,0.03571696,0.20609587,0.19497293
0.06779833,0.04830757,0.09576249,0.03802093,0.03863555,0.045672707,0.2371227,0.042293623,0.15290369,0.23348236
0.08000952,0.048814315,0.112647355,0.040164024,0.05265343,0.042817958,0.2420611,0.04171693,0.14135447,0.19776087
0.07757795,0.045585275,0.10692413,0.041235242,0.045237865,0.04020102,0.184494,0.039963648,0.16505079,0.25373006
0.08191838,0.045429625,0.13433427,0.04402607,0.07230475,0.03146527,0.17969163,0.027534915,0.14618166,0.23711348
0.07151907,0.04124747,0.091930255,0.039438162,0.0386735,0.03889453,0.19415486,0.03520346,0.176832,0.27210665
0.06114309,0.043700095,0.0977309,0.036841806,0.059858084,0.04953947,0.2648945,0.037562154,0.19913162,0.14959823
0.06696694,0.044699263,0.1043328,0.039231792,0.049566753,0.04360232,0.21735546,0.035099465,0.18476154,0.21438369
0.081625424,0.043567084,0.09950072,0.0390565,0.042698275,0.030174263,0.19404115,0.02691082,0.13056171,0.3118641
0.08056751,0.04105604,0.092372976,0.03877023,0.037908968,0.027928866,0.17560256,0.026688881,0.13134801,0.3477559
0.07993682,0.042345624,0.08061925,0.03647617,0.030600354,0.036424886,0.20818841,0.03647267,0.13497855,0.3139573
0.06749693,0.044454526,0.09013108,0.037027057,0.03995665,0.042738866,0.23487578,0.039903317,0.15428,0.24913578
0.07167292,0.042533454,0.105439045,0.04004598,0.06029607,0.031464163,0.21254793,0.028232846,0.14935651,0.25841108
0.07501568,0.045902934,0.096066706,0.03760248,0.039206326,0.03330631,0.1963596,0.03467379,0.13027807,0.3115881
0.07583644,0.046755645,0.075782016,0.03434498,0.032876756,0.06021041,0.30479226,0.052328344,0.13595527,0.18111785
0.07192593,0.046753243,0.094250716,0.035946086,0.044768073,0.050496835,0.31441867,0.036828592,0.12920403,0.1754078
0.071622096,0.0456441,0.085457176,0.03591348,0.031105218,0.055114277,0.27617097,0.042045802,0.13953704,0.21738978
0.06713964,0.03994158,0.07531733,0.035153553,0.033376075,0.051837772,0.30317417,0.037518483,0.15056367,0.20597771
0.09519576,0.03879693,0.08504395,0.036690954,0.046310842,0.03276492,0.3170896,0.03008962,0.09826232,0.2197552
0.07359975,0.039029513,0.0939361,0.03695353,0.046298735,0.03291548,0.28771448,0.02625124,0.119419985,0.24388127
0.07162865,0.042284522,0.10667406,0.037816837,0.048526116,0.040642094,0.286833,0.03110519,0.13086134,0.20362823
0.06381198,0.038909003,0.08348509,0.035366997,0.040800247,0.04945903,0.30369622,0.037207898,0.15889992,0.1883636
0.06044337,0.03671724,0.067414545,0.031271257,0.0453662,0.060895,0.3579578,0.04315022,0.16714787,0.12963653
0.06451892,0.03534835,0.07160553,0.034802835,0.036973383,0.04126896,0.31297702,0.030643964,0.15233326,0.21952778
0.067352034,0.037192892,0.083789445,0.036843106,0.03399422,0.038511585,0.24627781,0.03462917,0.14574344,0.27566633
0.07095206,0.043485068,0.11896221,0.040630605,0.062094007,0.04214043,0.24453606,0.034251295,0.15461813,0.18833022
0.08149398,0.045637347,0.12131353,0.04136409,0.046371587,0.037875466,0.19807427,0.039546505,0.123351775,0.26497144
0.08552366,0.04711354,0.14268866,0.04316518,0.06716234,0.040495526,0.21991691,0.038764022,0.12612757,0.18904264
0.08290556,0.046277754,0.13605274,0.0408027,0.07587767,0.041603163,0.27894455,0.040040124,0.117065966,0.14042978
0.15009692,0.036573663,0.12005093,0.037262503,0.12775989,0.11418419,0.06174737,0.07116702,0.22873227,0.05242534
0.13440625,0.038394872,0.094784416,0.038639594,0.073502496,0.10738916,0.06117145,0.055985883,0.31478426,0.08094161
0.13195732,0.030145904,0.06649671,0.031819407,0.05792701,0.07769797,0.08885912,0.056236103,0.4028185,0.056041956
0.13394488,0.03635273,0.124003574,0.032023665,0.12759076,0.102774985,0.08716638,0.042114113,0.2657581,0.048270743
0.13423218,0.042143274,0.12395104,0.04007062,0.13175943,0.096825585,0.07197273,0.060928494,0.22235402,0.07576262
0.13307565,0.04077046,0.11264614,0.03915995,0.11045378,0.097897105,0.06742162,0.061889704,0.25195867,0.08472693
0.13613307,0.04131661,0.090615295,0.041798647,0.07324568,0.1032678,0.06709025,0.058467712,0.2966187,0.09144623
0.12993068,0.044330142,0.116363324,0.042009316,0.111475185,0.09429059,0.07393568,0.056319833,0.24755532,0.08378994
0.14097862,0.032031942,0.08767008,0.03155748,0.12161184,0.090149745,0.10499595,0.06544998,0.28593922,0.03961514
0.12730834,0.0365197,0.07464773,0.03404899,0.06726966,0.09141506,0.103246644,0.049291737,0.3600894,0.056162693
0.1339417,0.04071451,0.10583382,0.038663782,0.11116407,0.0905655,0.09648502,0.051501527,0.27104592,0.060084134
0.12755057,0.041948237,0.08758906,0.040748302,0.06414373,0.08258192,0.080895714,0.05687087,0.33526537,0.08240624
0.13004814,0.0279413,0.113120824,0.02480967,0.1712013,0.0937365,0.12346352,0.04421044,0.2503571,0.021111162
0.1408369,0.028468521,0.09942098,0.027050622,0.13132492,0.09886638,0.11347946,0.052601315,0.28306535,0.02488559
0.13259652,0.04192219,0.13646667,0.0380995,0.13922581,0.09533587,0.08396815,0.046115268,0.22720425,0.05906574
0.14245442,0.03889534,0.13700713,0.03796478,0.14947365,0.10783042,0.07364115,0.054020867,0.20190388,0.056808356
0.12766512,0.032193236,0.12476428,0.027470885,0.18510985,0.100028634,0.11496992,0.037586305,0.21447119,0.035740577
0.14041403,0.02723656,0.10326587,0.024087599,0.20579788,0.11265198,0.100358464,0.060625464,0.19779944,0.027762678
0.14527042,0.032601006,0.07956243,0.032391123,0.10020513,0.11343928,0.08245639,0.084204316,0.26443925,0.06543063
0.1420147,0.031280775,0.09889806,0.026822852,0.1404774,0.1286771,0.085784435,0.06373047,0.24324064,0.039073557
0.14660423,0.038247358,0.08834062,0.03955062,0.08003333,0.13552281,0.05238008,0.08043173,0.25327402,0.08561521
0.1411425,0.034668565,0.101377755,0.03395221,0.1448391,0.10969682,0.08175979,0.08426617,0.21012166,0.058175467
0.14746374,0.030406786,0.11125458,0.02908497,0.18233044,0.14507926,0.06286965,0.08197414,0.17300892,0.036527596
0.13411933,0.038549773,0.1494832,0.037059143,0.18572176,0.12661617,0.05033463,0.06670309,0.16108364,0.05032928
0.13503826,0.034590032,0.14081141,0.03292646,0.2063306,0.12773344,0.05920197,0.0673274,0.15647063,0.03956976
0.15585993,0.034338318,0.09720414,0.035053562,0.11230336,0.13786587,0.06812379,0.07243751,0.23588456,0.050928913
0.1470382,0.03817692,0.12405766,0.03770304,0.13037843,0.13270327,0.057729688,0.06772749,0.20825368,0.056231607
0.14161545,0.039048366,0.11362968,0.039228607,0.10802176,0.11705656,0.062388733,0.06354216,0.2371291,0.07833963
0.14505233,0.03936294,0.11515222,0.040487215,0.09434369,0.12330687,0.052010622,0.0673345,0.24277614,0.080173455
0.13978854,0.039698705,0.13921598,0.038045447,0.13806406,0.110223025,0.06711421,0.05494302,0.21305116,0.05985593
0.085829824,0.03383969,0.11193594,0.043662716,0.14519328,0.10677246,0.12727588,0.06470114,0.15040854,0.13038051
0.06523558,0.03316788,0.14631899,0.037754,0.16820799,0.09765558,0.15589087,0.050843958,0.12394908,0.12097607
0.069381356,0.04547305,0.15443908,0.049989585,0.09122701,0.077742465,0.12524119,0.06469887,0.116838306,0.2049691
0.06674943,0.038114656,0.11838086,0.043252163,0.08879075,0.102407135,0.13151869,0.06041552,0.13070793,0.21966287
0.061880063,0.03928813,0.14305373,0.042078115,0.11409874,0.10184713,0.14579038,0.05463755,0.1114901,0.18583612
0.06368821,0.027828027,0.09708052,0.033789713,0.13556398,0.113549024,0.16927278,0.063197374,0.158372,0.1376584
0.06639503,0.030020691,0.094570294,0.03776861,0.13857885,0.10068567,0.1652495,0.06472595,0.16762063,0.13438478
0.07093253,0.04329468,0.12281712,0.049418565,0.09179829,0.09934473,0.12264538,0.062481876,0.119146965,0.21811979
0.059581004,0.04932907,0.16532257,0.052169774,0.08266692,0.07341445,0.102838725,0.04718914,0.11344305,0.2540454
0.06806014,0.0463575,0.14431615,0.051840466,0.06342856,0.074557744,0.102894954,0.05445896,0.12832814,0.26575738
0.07860583,0.049741868,0.16149093,0.057055872,0.109384656,0.10536776,0.08176111,0.056842253,0.09679838,0.20295134
0.08672681,0.044900548,0.18730703,0.052965693,0.18619229,0.12133171,0.06648516,0.052405655,0.08211118,0.119573966
0.09136131,0.041699108,0.17555226,0.050328072,0.20728433,0.1270967,0.070314094,0.055429984,0.07896131,0.10197286
0.0924059,0.04830286,0.19256727,0.059957765,0.13740166,0.1283324,0.054782286,0.053809185,0.0784708,0.15396993
0.08481196,0.048378848,0.21890838,0.057674833,0.1387748,0.10213314,0.07135157,0.04764242,0.08131735,0.14900665
0.095561236,0.047461983,0.19445315,0.05884972,0.15221176,0.1039203,0.067820504,0.05132823,0.09319335,0.13519976
0.08921012,0.046927284,0.17125353,0.056898944,0.102203995,0.11965821,0.06642706,0.062175337,0.095725216,0.18952033
0.07856521,0.0406459,0.15839033,0.046902202,0.13070327,0.113277495,0.10727111,0.063986294,0.1081424,0.15211582
0.05999442,0.044233136,0.22449982,0.046503313,0.11829452,0.09868952,0.09484908,0.049142733,0.084452204,0.17934126
0.06845246,0.03673845,0.15828714,0.040956076,0.08933694,0.10999822,0.1140364,0.055198386,0.13144001,0.19555591
0.069651164,0.027745605,0.105716795,0.033710223,0.14425461,0.13490869,0.16099034,0.059617113,0.13442384,0.12898158
0.064555585,0.030295415,0.14096622,0.033836786,0.17432807,0.12741871,0.16042788,0.050844345,0.10037793,0.116949044
0.07171898,0.043690655,0.15875141,0.04814413,0.09223995,0.11730924,0.09812534,0.05696464,0.09695623,0.21609938
0.065643795,0.04112225,0.16848083,0.044033684,0.11534331,0.11945688,0.10671341,0.050724648,0.09447685,0.19400434
0.064910606,0.038077705,0.16143867,0.041338038,0.10139246,0.113195464,0.12754926,0.05609843,0.10535889,0.1906404
0.082551956,0.04259461,0.1346144,0.050197132,0.08323908,0.11577662,0.09500798,0.06957379,0.107676834,0.21876763
0.06427647,0.041441534,0.17274821,0.045144632,0.08442877,0.109283224,0.09244139,0.056314707,0.10358079,0.23034033
0.08064698,0.04171576,0.16115773,0.047062624,0.13389035,0.11121732,0.109306134,0.06492151,0.10220009,0.1478815
0.07888215,0.046910334,0.17978431,0.055237573,0.090167224,0.10922345,0.077014215,0.06409663,0.086681075,0.21200296
0.07261708,0.04629994,0.20837563,0.052736513,0.10521581,0.11282565,0.072103575,0.05515013,0.08704229,0.1876334
0.09765333,0.06892573,0.13459873,0.07452294,0.12092954,0.14247423,0.08205228,0.10122212,0.04842918,0.12919192
0.15584853,0.05642795,0.0899205,0.0677012,0.093056366,0.26051584,0.036178008,0.10113792,0.04114286,0.09807089
0.07324148,0.060900424,0.21339561,0.067516595,0.08395939,0.08147416,0.04659753,0.05246024,0.057034206,0.26342037
0.13497622,0.06037322,0.13824636,0.06991292,0.09732638,0.15001146,0.038641,0.048880827,0.057967994,0.2036637
0.12947735,0.057168387,0.13665716,0.064357646,0.10029022,0.13107535,0.044412646,0.040902853,0.07172342,0.22393498
0.12581496,0.052076265,0.15280998,0.059558555,0.10327089,0.12950826,0.048192047,0.038013827,0.088135466,0.20261982
0.07770086,0.052928925,0.20829567,0.05660173,0.085389696,0.07512116,0.049779713,0.04140213,0.0897773,0.26300272
0.07812705,0.047786023,0.25010818,0.054084577,0.12587218,0.078054935,0.05019882,0.029832965,0.11432754,0.17160772
0.08296018,0.0470928,0.2055501,0.051116083,0.108707435,0.07045823,0.05560072,0.026337517,0.12064579,0.23153123
0.08377933,0.038227618,0.21563871,0.041597996,0.070005886,0.06126492,0.030410254,0.016611636,0.14412437,0.2983393
0.092955574,0.049584553,0.19651803,0.05685978,0.11648179,0.09269413,0.059266016,0.031992912,0.1019184,0.20172876
0.07212246,0.061319865,0.17495222,0.0665375,0.090347975,0.0775834,0.051416036,0.048758756,0.054648764,0.3023129
0.11845479,0.048299603,0.14581399,0.053474877,0.08227844,0.10549228,0.04657803,0.03246427,0.10065797,0.26648584
0.08530478,0.04941599,0.19598526,0.052354675,0.1302488,0.07651459,0.06771804,0.025676345,0.12010678,0.1966748
0.11168668,0.05969117,0.12758252,0.06675479,0.14920272,0.14721058,0.079195775,0.06095453,0.066215396,0.1315058
0.09099369,0.06633032,0.12122932,0.06954836,0.11389558,0.10545443,0.073179014,0.057507277,0.05039463,0.25146732
0.048972134,0.06896966,0.18223104,0.067708366,0.07866011,0.06094896,0.057568394,0.073580585,0.041325852,0.32003486
0.07463777,0.05650494,0.1314379,0.05848757,0.036619354,0.09162089,0.020737404,0.07168805,0.03544949,0.42281657
0.09385289,0.06745503,0.14423536,0.07875521,0.09954932,0.15963693,0.054482255,0.13308875,0.038339548,0.13060468
0.11228134,0.061537266,0.14927648,0.071142346,0.063083395,0.15390003,0.032434642,0.09609518,0.044792842,0.21545652
0.13934031,0.06139682,0.100118555,0.07383979,0.09001714,0.24272262,0.032079034,0.09751915,0.039243262,0.12372337
0.07519327,0.07147924,0.104685865,0.06356734,0.12848188,0.074782096,0.16647133,0.06347392,0.05357625,0.19828883
0.08194136,0.06713,0.11692045,0.06595632,0.14850564,0.09117469,0.13848434,0.05885079,0.05933773,0.17169864
0.111438096,0.04748478,0.13820642,0.052653406,0.15214217,0.10887955,0.07083904,0.025150605,0.11050964,0.18269627
0.15143636,0.044364125,0.10174336,0.05025778,0.15593803,0.17511018,0.06531569,0.035902243,0.10782681,0.11210552
0.11307136,0.054252066,0.14606959,0.060146235,0.12047808,0.10123988,0.046780314,0.026595954,0.08196663,0.24939986
0.12151189,0.05204161,0.11279732,0.058504887,0.17530236,0.15856844,0.0660016,0.033469353,0.07704196,0.14476061
0.14328454,0.05884346,0.10106185,0.06595601,0.12940153,0.13742957,0.06367164,0.036242135,0.05793232,0.20617692
0.14437543,0.059827346,0.09135405,0.06540467,0.12246545,0.14039639,0.05971392,0.036950164,0.05743336,0.22207929
0.13510197,0.05677253,0.06330449,0.056025226,0.20017016,0.16409265,0.12009377,0.049058054,0.06006752,0.09531355
0.15600751,0.07457679,0.11499481,0.064120725,0.08517088,0.08315038,0.061191496,0.08096036,0.1551828,0.12464424
0.12976569,0.08546533,0.14151964,0.06559675,0.080206595,0.07394559,0.05868503,0.10340519,0.12127184,0.14013831
0.09250207,0.09183985,0.14896946,0.06462475,0.091861434,0.07094884,0.069677696,0.12633128,0.10467563,0.1385689
0.13116072,0.08424721,0.13071719,0.06731406,0.08208195,0.0796099,0.064196415,0.12934811,0.1281462,0.103178255
0.14857666,0.08363822,0.16071978,0.061289754,0.06616012,0.07781322,0.041587785,0.089654185,0.12846465,0.1420956
0.1409896,0.08559974,0.14570782,0.063760616,0.07799445,0.08597785,0.05357038,0.11207894,0.13173328,0.102587216
0.165258,0.07886907,0.14246891,0.060355328,0.06623846,0.07741197,0.042700615,0.081814,0.14323148,0.14165214
0.1284328,0.08317225,0.13976134,0.06672096,0.083757706,0.078160025,0.06205614,0.103810355,0.1319301,0.12219833
0.11023947,0.087095395,0.14678937,0.0663345,0.08437398,0.072433814,0.06227626,0.10991202,0.11273554,0.14780964
0.09878345,0.088252306,0.14981249,0.067679055,0.08476121,0.06854783,0.06872977,0.12339187,0.10536374,0.14467832
0.11277992,0.086926796,0.13856082,0.06711267,0.08983157,0.08103268,0.06740629,0.1257786,0.1146622,0.1159085
0.12231837,0.08394902,0.13539927,0.07046538,0.08776727,0.0764421,0.06645954,0.10494119,0.11898527,0.13327257
0.16960122,0.0809942,0.111928105,0.074807905,0.087457746,0.09515153,0.056936428,0.0883848,0.1361676,0.09857045
0.21693443,0.0768257,0.11419023,0.06967996,0.069370754,0.09258247,0.038015228,0.05880809,0.14804672,0.11554649
0.17173193,0.081855506,0.106336184,0.07702865,0.08907285,0.09612965,0.058003504,0.08649935,0.13488069,0.09846163
0.11132047,0.092144005,0.14616123,0.07575799,0.09368899,0.075267024,0.06626423,0.09887035,0.10561821,0.13490756
0.13471246,0.092874564,0.14383568,0.07544789,0.08433504,0.0759086,0.06024158,0.09548501,0.10962584,0.1275333
0.14612883,0.09142902,0.15455756,0.07034414,0.07569064,0.077253774,0.047587864,0.083562925,0.11148394,0.1419613
0.112368576,0.09407968,0.16756058,0.06762694,0.08482521,0.076927744,0.057114035,0.104826815,0.108425535,0.12624483
0.19592312,0.08393916,0.13600983,0.06948952,0.06436479,0.08146655,0.04056625,0.08374074,0.13202946,0.11247057
0.18975618,0.08796036,0.14008795,0.072261184,0.06883039,0.08273113,0.044493016,0.082822345,0.12380377,0.10725364
0.16142425,0.08380502,0.16094534,0.06454656,0.070966646,0.07951334,0.044767994,0.0743832,0.13317996,0.12646772
0.18989286,0.081278995,0.1607253,0.062991135,0.06072974,0.07866452,0.036377642,0.06699527,0.13420027,0.12814426
0.1516665,0.08732164,0.16375344,0.06392514,0.07276252,0.082062915,0.04835215,0.09241533,0.12559207,0.112148255
0.16966231,0.08410559,0.17442946,0.06035052,0.06432138,0.08185668,0.038353156,0.07466095,0.13020326,0.12205669
0.16272554,0.087668374,0.16542119,0.06487128,0.07163473,0.08257653,0.045917943,0.08169116,0.12620816,0.11128514
0.19028942,0.07426921,0.13443668,0.060107347,0.06785219,0.08790701,0.04151824,0.07035172,0.1546289,0.118639216
0.11732662,0.08452397,0.13493676,0.0645022,0.09504722,0.078917675,0.07574656,0.11109366,0.12979409,0.10811119
0.13842507,0.08130811,0.14419219,0.06448787,0.08057238,0.07251999,0.05935018,0.09008755,0.12880139,0.14025526
0.15470317,0.07966743,0.12737207,0.06568438,0.082826614,0.084947675,0.061618835,0.0977514,0.14134462,0.10408378
0.066708356,0.082453564,0.08178361,0.08509762,0.24464095,0.063513756,0.07167814,0.11181271,0.09251708,0.09979425
0.062505074,0.08904275,0.091205135,0.089793906,0.21731544,0.06660209,0.08871447,0.10638753,0.07906276,0.10937079
0.06405501,0.08579204,0.101709746,0.08797276,0.21709421,0.06936731,0.078586094,0.10357704,0.0791713,0.11267448
0.065875135,0.085490875,0.102943815,0.08698585,0.21698368,0.0694038,0.07063392,0.09979325,0.08006443,0.12182526
0.06778034,0.08805229,0.09726923,0.08920864,0.2166607,0.07210392,0.07107313,0.103907555,0.08150321,0.11244096
0.06875171,0.09200652,0.09042752,0.091082714,0.21637733,0.075137146,0.07779059,0.1045985,0.08141531,0.10241264
0.06297005,0.074825585,0.08344694,0.07633569,0.27584887,0.056972392,0.06674751,0.10512021,0.10035428,0.097378515
0.05665129,0.06500279,0.07425663,0.07063995,0.32580015,0.046448104,0.06579725,0.10802553,0.112428896,0.074949384
0.058671284,0.074475884,0.08354339,0.0771557,0.2870679,0.052852523,0.07356851,0.102935135,0.09855068,0.09117895
0.05721563,0.069474444,0.07330791,0.074008875,0.30345833,0.048540507,0.082877055,0.109338544,0.10521598,0.076562755
0.061810598,0.07887285,0.08343078,0.082213186,0.27251062,0.06573071,0.07730367,0.10231214,0.09322776,0.08258769
0.06262539,0.06809692,0.074434504,0.0723774,0.3172766,0.055162337,0.05470633,0.10840829,0.115396544,0.071515664
0.062283292,0.07055126,0.079451784,0.07303189,0.30732882,0.051891077,0.058901597,0.10553315,0.11051639,0.08051079
0.061516657,0.07710133,0.099862516,0.07678872,0.26749742,0.05581534,0.0639493,0.09696461,0.09276623,0.1077379
0.059656173,0.07471035,0.08318689,0.079218104,0.2921651,0.05682643,0.07642032,0.102381445,0.09644185,0.07899333
0.05903947,0.07915909,0.0807527,0.08266704,0.25655517,0.057506986,0.11150057,0.111918405,0.08697236,0.07392819
0.061547834,0.08401871,0.10246661,0.08465654,0.23530169,0.059697397,0.08841937,0.10028724,0.08023299,0.10337161
0.061809104,0.08181815,0.110085055,0.08061567,0.24183854,0.059653755,0.07190132,0.10056744,0.085480824,0.10623023
0.05930345,0.07335107,0.094011195,0.07565429,0.27850387,0.05164102,0.06544071,0.11001259,0.09961285,0.09246895
0.063683964,0.07968009,0.108884215,0.08190092,0.2240965,0.064949244,0.06886711,0.09879988,0.082407795,0.12673022
0.058153763,0.07616908,0.08725947,0.08017242,0.2569713,0.057810154,0.09881798,0.11718515,0.091265485,0.07619524
0.06151455,0.07932354,0.10054435,0.08085212,0.24073708,0.063890666,0.084123224,0.10360862,0.08476294,0.10064286
0.059430797,0.07889318,0.11150532,0.08163951,0.22933151,0.059489828,0.08063946,0.10011006,0.08044724,0.11851308
0.05792087,0.0807138,0.10581531,0.08447776,0.22422555,0.061225496,0.092598855,0.10292894,0.07715479,0.11293855
0.063682616,0.07474873,0.10561496,0.07902232,0.23891172,0.061858878,0.06412549,0.09757204,0.08870343,0.12575981
0.06284843,0.07538898,0.076800525,0.07841816,0.27921346,0.058854215,0.07630152,0.11582843,0.100672856,0.07567331
0.05949648,0.081371255,0.09765473,0.084897034,0.22763428,0.06268562,0.09516374,0.10481559,0.07973893,0.10654231
0.061642073,0.0778435,0.09704057,0.08118036,0.24199362,0.05985727,0.07503349,0.10117364,0.086709514,0.117525965
0.06252997,0.08340665,0.08525269,0.08735989,0.2332807,0.06330185,0.0951584,0.10297734,0.08087297,0.10585959
0.068562895,0.082473904,0.08152087,0.084867276,0.24196407,0.06503352,0.07040439,0.09824784,0.089499876,0.117425345
0.13313913,0.046292398,0.10469158,0.06468393,0.06574759,0.093036406,0.19011149,0.14324899,0.04745761,0.11159092
0.1359141,0.04971872,0.109317645,0.0655404,0.0677426,0.08465695,0.17966504,0.14356145,0.04262348,0.1212596
0.12804045,0.04827868,0.12133557,0.063470915,0.0683441,0.07795049,0.18026614,0.14512089,0.03963875,0.12755404
0.13312389,0.05050265,0.11967459,0.06713154,0.0654511,0.07992197,0.1572565,0.14969687,0.037551254,0.13968964
0.12423236,0.04789167,0.11814052,0.062613346,0.06201772,0.07237708,0.17612605,0.17529523,0.041896462,0.11940959
0.14192937,0.048247166,0.10967763,0.068417884,0.06279151,0.08532783,0.16830584,0.14799011,0.03904574,0.12826699
0.13575533,0.037650853,0.092318766,0.059417337,0.054615762,0.084563896,0.21690315,0.16754906,0.049655046,0.10157084
0.14153782,0.033950146,0.070060596,0.05418543,0.052688412,0.07946136,0.25644717,0.17373742,0.061051726,0.07687991
0.13200006,0.03560099,0.09301295,0.05495336,0.05632829,0.07848825,0.25053838,0.15630685,0.05057028,0.09220069
0.12856582,0.038330838,0.10164828,0.056830123,0.057258233,0.07495162,0.2245034,0.16835466,0.048769947,0.10078711
0.12747607,0.043983333,0.09676998,0.061036386,0.068317376,0.085252956,0.21195291,0.1609501,0.054519366,0.0897415
0.12851177,0.050115917,0.09572275,0.06467859,0.06733702,0.08238289,0.1755321,0.18018317,0.047017917,0.10851787
0.14894703,0.053031795,0.09657608,0.0721361,0.065955415,0.09159347,0.15202895,0.14806077,0.04069649,0.13097402
0.15144618,0.04909138,0.080389805,0.068518035,0.066193864,0.09107088,0.18161842,0.16737226,0.05580108,0.08849806
0.13876629,0.045660827,0.10515812,0.06490052,0.06426737,0.091515765,0.18910567,0.14072613,0.048520368,0.1113789
0.13335103,0.03700305,0.09556058,0.058805786,0.060932983,0.0911139,0.22778022,0.14788681,0.06134752,0.08621814
0.13960525,0.040063515,0.08981719,0.058316287,0.057389803,0.07489264,0.21491078,0.17297538,0.05876149,0.093267724
0.12617767,0.039319,0.104786985,0.057614766,0.05635577,0.07849357,0.20715465,0.16934058,0.055020466,0.10573662
0.12969916,0.037178803,0.0996215,0.05823006,0.057370484,0.08443078,0.21975382,0.15996568,0.054672718,0.099077016
0.11942176,0.041149292,0.103299744,0.05674288,0.057461318,0.07126064,0.20552051,0.18887375,0.04867711,0.10759303
0.1370152,0.055352762,0.090547785,0.071512945,0.073654346,0.09126586,0.15349546,0.17570373,0.046302244,0.10514955
0.12308362,0.045006096,0.115603626,0.060478315,0.06906931,0.07864611,0.20778719,0.14683388,0.046658646,0.10683317
0.13276882,0.040454205,0.090253495,0.058291566,0.06422379,0.07469611,0.23782685,0.16556054,0.059172507,0.076752044
0.14469032,0.045241922,0.0987131,0.065869085,0.06012886,0.08647689,0.17830797,0.15389737,0.043382794,0.12329172
0.12316426,0.042026367,0.108640015,0.0584872,0.061317988,0.075586155,0.21570979,0.16834398,0.04876784,0.09795631
0.1450384,0.042655706,0.08185339,0.062344976,0.061303426,0.08039613,0.21057458,0.17946658,0.05646762,0.07989919
0.12691113,0.04027457,0.09685472,0.057611283,0.055353977,0.06882745,0.20392595,0.20032282,0.050760783,0.09915732
0.12412376,0.02925209,0.07312063,0.05077571,0.052780706,0.07643832,0.27601606,0.17980738,0.07095953,0.06672584
0.109521344,0.029738137,0.08656887,0.04951662,0.05825077,0.074633814,0.31540406,0.1513286,0.06721212,0.057825714
0.122930296,0.035901565,0.10352725,0.053262357,0.055132773,0.07105553,0.24592942,0.16601595,0.050102983,0.09614185
0.023775179,0.040920828,0.10646145,0.04352967,0.08259356,0.109229706,0.20808163,0.038237173,0.08704831,0.2601226
0.023313748,0.041033685,0.11763505,0.04346005,0.07666487,0.1139732,0.19101177,0.037436966,0.07323742,0.2822332
0.02229878,0.040433258,0.11687158,0.043640744,0.07847909,0.118588135,0.17563163,0.037010547,0.070609376,0.29643685
0.02593113,0.048194308,0.113543525,0.04812055,0.08824013,0.15174001,0.13970566,0.031242223,0.062442392,0.29084006
0.022776006,0.057743218,0.11402667,0.050578546,0.08921681,0.15827431,0.15132208,0.03127312,0.056347936,0.26844123
0.027755897,0.06799403,0.099997625,0.057936355,0.11798369,0.21434902,0.1650157,0.03353316,0.06460629,0.15082821
0.037416685,0.057512518,0.11200184,0.05444128,0.11702407,0.20548952,0.11914712,0.02747592,0.061881702,0.2076093
0.03632506,0.0636938,0.11632549,0.060104787,0.1265604,0.24192268,0.108356126,0.032603964,0.07028863,0.143819
0.02538693,0.051121492,0.10649621,0.052062415,0.10034394,0.18038651,0.17501919,0.036239382,0.06903931,0.20390463
0.023976553,0.043359134,0.14188324,0.046687946,0.082576446,0.13577393,0.17723516,0.038738944,0.07853377,0.231235
0.038453463,0.048281305,0.1124431,0.0555316,0.11487622,0.19133323,0.14097582,0.042682853,0.10161847,0.15380383
0.029430237,0.04294073,0.1425901,0.048520155,0.08841312,0.14652899,0.16259304,0.039772075,0.08856867,0.21064283
0.018007465,0.04306458,0.10109879,0.040546887,0.07974697,0.12849326,0.23699869,0.029696042,0.061289787,0.26105753
0.025390634,0.040870715,0.11956141,0.0411735,0.084258385,0.13212328,0.1968079,0.027759517,0.07042721,0.26162747
0.05065035,0.039064847,0.13528089,0.048035793,0.115355335,0.16976802,0.14615616,0.03976165,0.11588078,0.14004618
0.03712324,0.042335495,0.11363649,0.047114618,0.09903102,0.17189372,0.18401866,0.029507857,0.07506239,0.20027651
0.015899517,0.05089931,0.09954782,0.043410666,0.084146775,0.14861487,0.20247342,0.028124506,0.04901361,0.27786946
0.019094853,0.048697002,0.116143,0.045797564,0.08176889,0.15090543,0.1512089,0.029995842,0.054953307,0.3014352
0.023406988,0.050409276,0.10838078,0.049436994,0.09510702,0.17234823,0.16757105,0.033926416,0.06878216,0.23063114
0.020405391,0.048053272,0.11800222,0.047870953,0.0848919,0.15236525,0.18359181,0.03817083,0.07276729,0.2338811
0.022750027,0.04991989,0.13815184,0.04999385,0.07988058,0.15206863,0.17177005,0.039484393,0.07380866,0.22217213
0.026763387,0.04841474,0.122147076,0.050244067,0.09188587,0.16635695,0.17792907,0.038166177,0.08263056,0.19546211
0.015582503,0.048302118,0.10203293,0.040828213,0.07457186,0.1219809,0.2100137,0.029027788,0.053653043,0.3040069
0.035036843,0.05291629,0.105641365,0.05406883,0.10478656,0.16414073,0.15957314,0.042242315,0.11440403,0.16718996
0.039195277,0.061287053,0.09648701,0.0597295,0.12146421,0.227059,0.13357656,0.03646678,0.08512661,0.13960795
0.03390557,0.05945716,0.117074214,0.056848273,0.105252646,0.20823364,0.10265183,0.02944415,0.05886625,0.22826627
0.019315511,0.05519867,0.096522406,0.047041953,0.09062879,0.15635984,0.19785127,0.028930098,0.051117964,0.25703353
0.026493577,0.051115762,0.12668851,0.0470089,0.08777621,0.15094766,0.1592234,0.027757868,0.06085622,0.2621319
0.036876936,0.05514175,0.10846735,0.05500204,0.1118337,0.19226016,0.15134618,0.035398275,0.086609565,0.16706406
0.025989555,0.04384534,0.13596955,0.04374427,0.07376053,0.12185979,0.16589361,0.032537803,0.071691774,0.2847077
0.077640995,0.057964984,0.19936797,0.03428079,0.14750423,0.08573903,0.077700235,0.045457333,0.20727663,0.06706779
0.07426263,0.06428708,0.17907295,0.041171793,0.14244707,0.081922,0.08284567,0.062619746,0.1750199,0.0963512
0.06757138,0.07080853,0.14931075,0.04396408,0.14957085,0.08059185,0.09083726,0.07681438,0.15984084,0.11069014
0.05836097,0.07683908,0.13744323,0.049697455,0.13202758,0.07808893,0.08385782,0.09486879,0.12875107,0.16006507
0.07215026,0.07139005,0.16190179,0.045040287,0.13487822,0.081965685,0.07803252,0.07197518,0.1515647,0.1311014
0.07748077,0.068913765,0.15751451,0.0425687,0.13965651,0.08838048,0.07729499,0.06830819,0.16849302,0.11138907
0.07518275,0.067379735,0.15870464,0.044751,0.13366464,0.090743065,0.06949495,0.071270704,0.15972896,0.12907961
0.069848314,0.06607831,0.17056912,0.04320527,0.14083034,0.09121736,0.07990999,0.070829354,0.17257816,0.09493372
0.08179357,0.058897655,0.16295363,0.036557775,0.15911306,0.08851558,0.06967345,0.05430098,0.20892352,0.07927071
0.09209489,0.054951116,0.1911464,0.035966545,0.13353163,0.09051328,0.072278954,0.04389485,0.21059059,0.0750317
0.0781832,0.062057067,0.17239153,0.038138345,0.14730524,0.09189444,0.077088796,0.05789883,0.19531596,0.079726584
0.06832037,0.059601277,0.20247993,0.0358463,0.1548022,0.09326555,0.06339661,0.052090306,0.19857018,0.07162728
0.06331532,0.06088432,0.18917058,0.032963995,0.16098906,0.08620729,0.095096275,0.050348636,0.21019432,0.05083023
0.092225224,0.058452412,0.18340196,0.036437392,0.12271896,0.09133205,0.081929974,0.043872457,0.21134232,0.07828724
0.08164602,0.06429225,0.16102397,0.04013044,0.13955057,0.10282792,0.054881144,0.056174807,0.18599166,0.11348123
0.08423406,0.07380352,0.13918337,0.048611015,0.10998074,0.080862746,0.06436407,0.06807647,0.15191604,0.17896797
0.07061318,0.073521696,0.15583272,0.040110443,0.13344543,0.083943464,0.104784325,0.059890565,0.19917654,0.07868165
0.08390373,0.06633303,0.17235199,0.044441003,0.11320496,0.09368742,0.06936154,0.05825516,0.1960001,0.1024611
0.0645305,0.06782098,0.18175359,0.042174708,0.14291522,0.10170822,0.05714586,0.062477887,0.18710412,0.09236898
0.07499508,0.06788558,0.16164349,0.04662846,0.12205959,0.09902885,0.049160022,0.07025627,0.16020218,0.14814045
0.074793644,0.07190087,0.15727678,0.047868814,0.120562926,0.08852421,0.0618197,0.073483996,0.15442541,0.14934365
0.07131693,0.07164347,0.15627173,0.04747008,0.12581901,0.09582133,0.054827057,0.07755481,0.16130063,0.13797499
0.077615514,0.066173,0.16603576,0.044622824,0.1289986,0.10039165,0.054069124,0.065882795,0.17931546,0.11689528
0.066504724,0.075591475,0.14854796,0.044205684,0.13772875,0.09090165,0.09047434,0.07394554,0.18179451,0.09030535
0.0786622,0.07022326,0.15992726,0.04368582,0.13094752,0.09296488,0.06323298,0.0647196,0.1632307,0.13240579
0.07644425,0.07717753,0.13722594,0.047976475,0.12065696,0.08045256,0.08049982,0.074533805,0.14829849,0.15673417
0.0889357,0.062808186,0.17948812,0.039142966,0.1307232,0.09281629,0.06067832,0.051553007,0.19314893,0.1007053
0.073691696,0.076041974,0.15054147,0.043806795,0.13649048,0.07872047,0.09957377,0.072096996,0.1612102,0.10782613
0.074897625,0.059345618,0.18602404,0.03671656,0.1560016,0.088251606,0.06906856,0.055798028,0.19030207,0.08359431
0.057753596,0.065950066,0.15575175,0.040145356,0.16358294,0.08647169,0.10356464,0.0736473,0.17815529,0.07497739
0.060460746,0.12993789,0.06316438,0.12516454,0.05119173,0.077231504,0.09956209,0.12206676,0.105572246,0.16564815
0.0582751,0.12194876,0.058966346,0.13027288,0.058455102,0.0807215,0.114838764,0.11935084,0.11512258,0.1420482
0.06266176,0.11866515,0.058980644,0.13291734,0.056396935,0.084599115,0.13473344,0.11779268,0.11483532,0.11841766
0.06422418,0.134562,0.05748133,0.13321242,0.046353027,0.07181821,0.107091814,0.14740132,0.114534535,0.12332122
0.0626457,0.13251944,0.05914109,0.12204601,0.047330223,0.071911946,0.10186874,0.13110122,0.11054908,0.16088663
0.061370358,0.12464653,0.055863827,0.12038959,0.05201689,0.07914665,0.11456326,0.12089712,0.10706917,0.16403657
0.062020525,0.1274001,0.056075517,0.12380206,0.051859397,0.075527005,0.11288076,0.12560035,0.11076697,0.1540673
0.06285893,0.13767512,0.063428566,0.1279559,0.051717747,0.07019089,0.11092542,0.123902865,0.108838424,0.14250611
0.062043916,0.13865873,0.06863147,0.1263667,0.053018015,0.074981935,0.09913743,0.12337199,0.10723374,0.14655614
0.066319056,0.1359756,0.064141065,0.12479842,0.051126953,0.07262412,0.110393934,0.11925155,0.110661894,0.14470741
0.06991578,0.13275927,0.06565694,0.120475546,0.051299933,0.07393269,0.12648866,0.105043456,0.10600888,0.14841881
0.06883593,0.1278025,0.07006786,0.11514801,0.056350153,0.08174598,0.120569475,0.098918505,0.10353302,0.15702847
0.065962024,0.12333491,0.081877075,0.11500265,0.06083235,0.09389093,0.11281391,0.09146103,0.094455734,0.16036943
0.06915894,0.12146302,0.06485197,0.11119306,0.05261218,0.08896514,0.11632861,0.108222544,0.104356326,0.16284817
0.06811708,0.102338076,0.06621166,0.11047004,0.062261123,0.112145506,0.13360263,0.09177433,0.10491025,0.14816935
0.06748128,0.11916254,0.06598435,0.109407194,0.05467027,0.09276546,0.1120982,0.103146866,0.0969923,0.17829159
0.06907909,0.09564545,0.06615271,0.10275677,0.061535418,0.12122872,0.1344446,0.08503602,0.09501257,0.16910867
0.068993606,0.086344376,0.05873826,0.103394926,0.06501901,0.13239565,0.15370263,0.08327152,0.10471282,0.1434272
0.06660058,0.106748626,0.055823717,0.11309561,0.06286316,0.0972002,0.15702577,0.09377427,0.116877235,0.12999089
0.06394534,0.12437962,0.07882126,0.114381574,0.058968473,0.08669719,0.121755786,0.09211103,0.09755884,0.16138089
0.06584661,0.09163009,0.066523135,0.10550304,0.07161465,0.12451689,0.15190876,0.077200085,0.0982601,0.14699669
0.0646849,0.124451034,0.070270054,0.123565905,0.052530114,0.08508734,0.11003684,0.11304603,0.104246594,0.15208128
0.06505931,0.13933343,0.07369495,0.12545966,0.052371,0.07696406,0.10520687,0.111346535,0.09672558,0.15383862
0.064489774,0.1431117,0.08123716,0.13202208,0.053568862,0.07428649,0.10288162,0.11201417,0.09934632,0.1370419
0.066062704,0.14289507,0.07344579,0.12969437,0.053394433,0.073426686,0.109229036,0.11348078,0.10203574,0.13633527
0.06340938,0.13596162,0.07529107,0.13041325,0.052919768,0.07752428,0.0998153,0.116657436,0.10397178,0.14403616
0.06465105,0.1315539,0.0638094,0.1277095,0.054344386,0.07855934,0.10083524,0.1254527,0.11733319,0.13575138
0.061769787,0.13594367,0.07052423,0.13229512,0.05109129,0.07728273,0.09591698,0.12550524,0.1058615,0.14380945
0.064522445,0.13838774,0.06938179,0.118835755,0.052063033,0.081730135,0.101661175,0.10955122,0.09199751,0.17186919
0.065052465,0.13501202,0.07178178,0.120879754,0.05791095,0.08346481,0.11275516,0.09920659,0.09085862,0.16307782
0.0708592,0.061313212,0.14823462,0.06146168,0.09815256,0.14271994,0.09608759,0.029611684,0.1722182,0.11934134
0.06978737,0.059074204,0.14362101,0.058508776,0.09602454,0.13745074,0.10345772,0.026728423,0.18172684,0.123620346
0.06732746,0.056842044,0.14160521,0.056938097,0.09721078,0.16010164,0.092539124,0.026488407,0.18344033,0.11750693
0.062961005,0.050449573,0.13378899,0.051440388,0.10073551,0.16816825,0.10864131,0.026028926,0.20192523,0.09586081
0.06831999,0.05381261,0.14493962,0.054790705,0.095974036,0.13794495,0.11423996,0.027677689,0.1816723,0.12062813
0.06763728,0.0535275,0.1451316,0.054556124,0.096809864,0.15212062,0.10536552,0.02901014,0.18249889,0.11334246
0.06606127,0.052708585,0.14120267,0.052582126,0.09741512,0.15243837,0.10782876,0.02897502,0.19142263,0.109365456
0.06650083,0.05429274,0.14293803,0.054564565,0.099577665,0.14665014,0.1069478,0.027303064,0.18905312,0.11217209
0.06819499,0.054226536,0.14623618,0.055407498,0.098528996,0.1381387,0.11223398,0.028433425,0.18088967,0.11770997
0.06607147,0.05342004,0.13586836,0.054399896,0.10277597,0.16380575,0.10092498,0.027985068,0.18526399,0.10948447
0.063952826,0.048199695,0.1356695,0.04856115,0.09632619,0.1706993,0.111416504,0.02742837,0.19779521,0.099951304
0.06621974,0.052844904,0.14071134,0.051292133,0.09511984,0.15229273,0.10878158,0.02970846,0.19117808,0.11185123
0.06411668,0.052258156,0.14343461,0.05391253,0.09852846,0.16042416,0.10271313,0.027614977,0.19205986,0.104937375
0.06263502,0.049639717,0.1370289,0.05137402,0.099819735,0.17205465,0.10482802,0.02637459,0.19805798,0.09818736
0.05834947,0.046151716,0.13890372,0.047603767,0.10002374,0.18755226,0.10151068,0.023614492,0.2005445,0.095745705
0.064593494,0.051074404,0.14812101,0.052887477,0.09549249,0.152289,0.10773206,0.026769683,0.18620561,0.11483476
0.06276073,0.04990983,0.14859857,0.05252463,0.09959123,0.15226553,0.108734384,0.026571115,0.18758832,0.11145568
0.064858906,0.051496062,0.14104061,0.05322717,0.0979246,0.16373615,0.10313457,0.028365139,0.19024372,0.105973005
0.06585557,0.05453824,0.14514926,0.056168944,0.0944446,0.14528558,0.10715495,0.027087087,0.19093561,0.11338015
0.069675274,0.06562303,0.14338757,0.065765046,0.093667485,0.13122012,0.09575831,0.02636218,0.17287843,0.13566256
0.07127943,0.06563648,0.14213999,0.0654173,0.0955055,0.13597746,0.09154733,0.026403837,0.1722473,0.1338453
0.06705065,0.058902856,0.14335376,0.060216658,0.098395206,0.1451331,0.10024953,0.025304869,0.18904842,0.11234493
0.07071734,0.061224945,0.1419398,0.060968198,0.097132765,0.14520201,0.094299056,0.026493121,0.17677727,0.12524542
0.06612595,0.06021531,0.14606656,0.0616309,0.0984571,0.16718856,0.08258096,0.026609272,0.17731968,0.11380567
0.06723228,0.05663119,0.1408343,0.057432808,0.09824689,0.16401261,0.09270744,0.025951814,0.18374251,0.1132081
0.06736483,0.05667896,0.14488232,0.055726815,0.09998954,0.14298178,0.10352885,0.02862644,0.18521693,0.11500356
0.066087134,0.053639695,0.14413057,0.053208843,0.09922143,0.15010156,0.1068265,0.028907945,0.18791556,0.10996079
0.06529463,0.052286536,0.14190912,0.052883934,0.09979091,0.15044901,0.11283739,0.03055786,0.19315596,0.10083467
0.068882585,0.05871924,0.14572033,0.059085887,0.09588795,0.1287543,0.11029166,0.030141562,0.18025202,0.122264445
0.06370466,0.051254787,0.1357764,0.054042663,0.10317561,0.16474813,0.107400976,0.028185707,0.19716759,0.09454351
0.05272061,0.066341035,0.15256712,0.09066974,0.08950576,0.06961868,0.09909104,0.09158275,0.123837814,0.16406542
0.050846737,0.06549927,0.14432712,0.090503216,0.09021368,0.07139136,0.086502954,0.08266834,0.11358955,0.20445777
0.053507045,0.06571104,0.14425477,0.096826024,0.08125552,0.079278685,0.099232465,0.1095491,0.13096178,0.13942364
0.051847886,0.060877882,0.17990436,0.08839225,0.09329715,0.060529258,0.099404804,0.0919152,0.1106445,0.16318665
0.052478407,0.062528014,0.17910208,0.092849135,0.07800625,0.062052663,0.07525807,0.09325039,0.09563873,0.20883624
0.05001182,0.072400466,0.18258086,0.10234884,0.08365228,0.073142104,0.09338015,0.105274834,0.13490629,0.10230234
0.049020365,0.08465803,0.17280912,0.1055979,0.10187843,0.0589226,0.093962476,0.08629137,0.12524289,0.12161686
0.05047863,0.09367878,0.14051521,0.121234626,0.09703104,0.05404197,0.07702163,0.06840492,0.09291116,0.20468207
0.05139396,0.09671204,0.10725045,0.11696673,0.101389,0.056679875,0.07907516,0.058729246,0.09898094,0.23282264
0.055420466,0.09110017,0.09961862,0.123972334,0.092098184,0.085880436,0.07727966,0.0716739,0.11673705,0.18621914
0.055564716,0.08686295,0.11398612,0.11372272,0.0844627,0.075369634,0.096525975,0.087242685,0.12928285,0.15697968
0.054111715,0.070332505,0.089761995,0.10426556,0.07731099,0.10839392,0.10447047,0.08834369,0.1427651,0.16024409
0.05002043,0.077723525,0.11594351,0.09916912,0.09687845,0.06598175,0.11367602,0.07476775,0.11793377,0.1879057
0.041557785,0.07817357,0.09568282,0.103629686,0.09114952,0.08061132,0.075845465,0.0714018,0.10839707,0.25355098
0.04569938,0.084021494,0.09964946,0.101022854,0.10114359,0.09964975,0.1177535,0.09840224,0.15814397,0.09451383
0.045051362,0.062061973,0.114175946,0.088195965,0.08601359,0.08602642,0.09619309,0.08571197,0.12363032,0.2129394
0.04425765,0.07992519,0.10609048,0.09263258,0.09258742,0.088781565,0.1274789,0.11510125,0.16312017,0.09002486
0.05070633,0.06969589,0.09864096,0.09090789,0.082490616,0.08189197,0.122241974,0.105389394,0.13337949,0.16465542
0.046894245,0.066315025,0.11271455,0.0904084,0.089187644,0.07231472,0.12581864,0.11096314,0.12300476,0.16237895
0.042563293,0.07338954,0.094691984,0.10936986,0.07681119,0.10025793,0.10353141,0.1419246,0.13501209,0.12244804
0.044004116,0.088837,0.08172059,0.12515348,0.07588637,0.08088163,0.10417119,0.138797,0.11535136,0.1451973
0.034840345,0.118930124,0.054697458,0.1704846,0.07723817,0.079385065,0.063006654,0.097504176,0.09505346,0.20885997
0.041001555,0.10684572,0.065107785,0.13406487,0.09237402,0.09157797,0.1106684,0.12887192,0.12754273,0.10194505
0.03930008,0.11275828,0.07790979,0.13311744,0.10727244,0.08460737,0.08168272,0.087094285,0.11467676,0.16158085
0.040816955,0.091604754,0.107799925,0.124738105,0.100924134,0.08741172,0.08855152,0.10127168,0.114329554,0.14255168
0.04593331,0.06937212,0.10431763,0.105318815,0.09550177,0.0913121,0.10165109,0.09036942,0.10947517,0.18674867
0.046181403,0.08380068,0.084807456,0.11087612,0.101252735,0.1019371,0.11072547,0.08742257,0.13314252,0.13985391
0.045002174,0.101431176,0.10714261,0.14275232,0.09612899,0.080897935,0.08241255,0.103025846,0.10938197,0.13182445
0.046202905,0.1060406,0.07971386,0.12563637,0.100100905,0.10347457,0.09212255,0.08511564,0.14006293,0.12152966
0.047250785,0.083501674,0.13694964,0.12508474,0.089689344,0.067541294,0.08138984,0.09937179,0.09548375,0.1737371
0.08089163,0.08199423,0.08171607,0.07555795,0.14909776,0.18396503,0.06519554,0.055502,0.09651453,0.12956533
0.07973059,0.051997665,0.14434658,0.05201272,0.14734732,0.18261702,0.07660501,0.0679129,0.1182122,0.07921788
0.07807408,0.04701936,0.16500232,0.043186255,0.14912899,0.16957322,0.08961458,0.06503036,0.13718611,0.05618472
0.08711817,0.034229588,0.16682948,0.034194328,0.14381221,0.1509087,0.097100444,0.08026939,0.16816223,0.037375394
0.087235354,0.0318472,0.16293015,0.029881481,0.14199862,0.15084092,0.09505754,0.07893804,0.19720243,0.024068272
0.11313192,0.03408531,0.08167642,0.030004324,0.1640172,0.16360055,0.0817897,0.088132955,0.2274997,0.0160619
0.084980085,0.031293504,0.13936882,0.030736456,0.14286324,0.17724991,0.096644275,0.08051743,0.19041051,0.025935797
0.07414337,0.032105424,0.151101,0.03431357,0.14476104,0.19431162,0.101200074,0.06636819,0.13941878,0.06227711
0.070412025,0.042361587,0.18864252,0.04304047,0.1324839,0.16026562,0.09230964,0.064722046,0.11665528,0.08910693
0.074111596,0.055253934,0.13773847,0.052587494,0.14466299,0.17839082,0.07716068,0.06074553,0.11624039,0.10310806
0.07596741,0.05919414,0.13752387,0.053060524,0.15430695,0.17746156,0.07663554,0.055338584,0.12579945,0.084712006
0.08638061,0.06777925,0.113062985,0.05804694,0.15991385,0.17657974,0.0739111,0.062613025,0.13504747,0.06666499
0.08428161,0.059052996,0.10795099,0.05208347,0.15734753,0.18761367,0.079622015,0.06368678,0.14444721,0.06391372
0.069976576,0.04201434,0.1114859,0.0390722,0.15809564,0.22054724,0.086195774,0.05896659,0.15678744,0.05685832
0.07704026,0.042861003,0.15607017,0.040074777,0.14117108,0.1682548,0.095097184,0.0737481,0.159674,0.04600864
0.08017725,0.06429934,0.1003574,0.06042636,0.13372363,0.17221987,0.0795469,0.094080776,0.1313926,0.083775945
0.09063756,0.061279405,0.11076462,0.054416858,0.15051018,0.17062743,0.08557902,0.07893303,0.14642183,0.050830066
0.06928713,0.06345736,0.15829045,0.06056593,0.12725991,0.15385377,0.0687201,0.05243603,0.082064524,0.16406482
0.06854368,0.06966147,0.13181105,0.065742865,0.13122465,0.15995955,0.065253064,0.050384156,0.082817875,0.17460163
0.0747487,0.062026717,0.1612466,0.055870496,0.14157103,0.157745,0.08338873,0.056452084,0.11138539,0.0955652
0.07109147,0.05847748,0.1598542,0.05845636,0.12715441,0.15987967,0.068064645,0.053266086,0.08010481,0.16365086
0.06988413,0.052704502,0.17410032,0.048294615,0.14547989,0.16138528,0.0858488,0.057197005,0.12580758,0.079297744
0.08251292,0.042382095,0.16660266,0.04297018,0.13940847,0.16204494,0.09329534,0.076258376,0.1383066,0.056218494
0.081716076,0.041732162,0.17976397,0.039884053,0.15381964,0.16987081,0.088598154,0.05702236,0.126056,0.061536785
0.07517749,0.034641217,0.17897461,0.037115972,0.1326969,0.1452565,0.104519464,0.09103681,0.1653394,0.03524161
0.102167256,0.04210757,0.098515615,0.04059994,0.16911262,0.1724101,0.093106166,0.08235881,0.16902827,0.030593695
0.0665191,0.060784202,0.13167198,0.059701063,0.13978657,0.17001404,0.07796055,0.05162623,0.091667384,0.15026897
0.07884168,0.04519997,0.14467482,0.047764547,0.14389381,0.18683709,0.09276437,0.071096055,0.1225815,0.06634612
0.068109825,0.061132956,0.11911481,0.05581755,0.15790737,0.18171528,0.08532507,0.045980528,0.10794431,0.11695228
0.064531565,0.054346036,0.13872036,0.056793764,0.13385837,0.16865581,0.08522161,0.062298827,0.08850306,0.14707062
0.04630406,0.077847004,0.20792398,0.060094953,0.18152486,0.10700997,0.05909036,0.054446723,0.11757516,0.08818299
0.06731203,0.066858895,0.15954252,0.06076363,0.20549515,0.14221591,0.054672483,0.048752215,0.13693188,0.05745528
0.05888545,0.074981764,0.19491194,0.05347116,0.20673789,0.10863317,0.07652049,0.0592616,0.117837206,0.048759326
0.04318266,0.07206399,0.21996121,0.05128449,0.19729766,0.105205044,0.07468122,0.059587456,0.10679374,0.06994251
0.053369056,0.06259836,0.20463994,0.050002217,0.1992206,0.1160479,0.061417174,0.06648963,0.12712789,0.05908724
0.049981788,0.06494396,0.23210411,0.052424278,0.17457008,0.122294106,0.041109987,0.058670353,0.13892987,0.06497153
0.06501124,0.06724316,0.21459171,0.051835775,0.17265904,0.11282103,0.032191005,0.08016509,0.15459234,0.04888962
0.10618968,0.05680155,0.09443028,0.04401488,0.2680144,0.11475514,0.020989537,0.073524,0.20654066,0.014739791
0.097396836,0.069678694,0.16715083,0.048162516,0.20624858,0.08928927,0.028198428,0.103006735,0.17261773,0.018250441
0.113864034,0.058405958,0.08823192,0.04563661,0.26343018,0.11383137,0.02649965,0.07242222,0.19772631,0.019951839
0.0854735,0.07279626,0.1296249,0.0463005,0.27067912,0.12110969,0.03379163,0.063170984,0.15299143,0.02406196
0.066263005,0.05816704,0.20654435,0.052651267,0.1945736,0.13672476,0.04619705,0.057506453,0.12789144,0.053481016
0.042240344,0.06832083,0.25861704,0.053341128,0.18311873,0.11928796,0.040425498,0.0644526,0.11136691,0.058829054
0.03687758,0.06501935,0.31628877,0.05300207,0.15637213,0.11447472,0.037986618,0.046056997,0.107595295,0.06632648
0.03728459,0.06836261,0.3022638,0.051988572,0.16828682,0.11671437,0.037511297,0.04526838,0.11119321,0.061126407
0.050704498,0.06758037,0.2569116,0.054629177,0.17648295,0.12120193,0.046754293,0.045450784,0.12407095,0.056213457
0.04316359,0.071307585,0.28601176,0.055422857,0.16136625,0.11122321,0.04047899,0.0500177,0.11200979,0.06899825
0.042046465,0.070934206,0.2604515,0.05757154,0.16853774,0.11963602,0.03782982,0.05414895,0.1129821,0.075861685
0.07659065,0.06458652,0.17265214,0.048087366,0.22477494,0.13520032,0.037429586,0.053397916,0.15183885,0.035441693
0.060760528,0.07496506,0.20959303,0.060915116,0.1934948,0.13671832,0.029418986,0.06018572,0.12909102,0.044857386
0.05659133,0.07539069,0.26727533,0.056497905,0.16895318,0.1084242,0.030916434,0.07164706,0.12454946,0.03975447
0.05552861,0.07104586,0.19386418,0.05356913,0.21034923,0.14633667,0.028035486,0.06391962,0.13429742,0.043053705
0.074579276,0.064683475,0.13524595,0.048157286,0.24757145,0.15130654,0.027551921,0.05451293,0.16058452,0.035806663
0.082771085,0.069722645,0.15653172,0.04920809,0.25154975,0.124680124,0.04136264,0.06933551,0.12763764,0.027200725
0.070088014,0.0657551,0.18992084,0.050921995,0.21320847,0.11897378,0.049299255,0.067243285,0.13257998,0.042009264
0.05496561,0.064251736,0.19587773,0.057435196,0.1810987,0.123144865,0.04312224,0.0803811,0.1289691,0.07075371
0.08312975,0.05877821,0.15071464,0.051820032,0.232123,0.1417772,0.045970716,0.06457958,0.13272013,0.038386714
0.071299635,0.06324705,0.17217131,0.046021387,0.23719548,0.13910045,0.04996632,0.053357612,0.13249579,0.03514487
0.051026296,0.056237683,0.19966327,0.054244902,0.19148333,0.1474218,0.048089072,0.058652993,0.118802816,0.07437782
0.06304296,0.0636991,0.19973573,0.054592498,0.20663917,0.13660485,0.042028513,0.0654797,0.12041456,0.047762908
0.0905762,0.07026516,0.1629633,0.05370153,0.107503854,0.1525337,0.08875404,0.03894024,0.1197315,0.11503048
0.07198675,0.07449445,0.19309542,0.05997226,0.09889339,0.13044494,0.07192662,0.03436993,0.11076172,0.15405452
0.08034802,0.08153409,0.16619514,0.06411639,0.09212912,0.1479934,0.08999778,0.04306946,0.12815054,0.106466115
0.078806564,0.07503919,0.12221178,0.05857384,0.09914687,0.19456527,0.07838533,0.031837888,0.16852492,0.0929084
0.086711764,0.08020364,0.15743013,0.063680045,0.09382517,0.15404488,0.08097307,0.04035308,0.12640843,0.11636974
0.0923218,0.07030071,0.10907244,0.05243571,0.08790792,0.19674292,0.110990226,0.04583012,0.1442837,0.09011446
0.08379484,0.06741043,0.13017987,0.056213953,0.083073065,0.19362439,0.09829302,0.049035795,0.116042055,0.1223326
0.083348356,0.06874641,0.120235614,0.054222092,0.08639339,0.19064412,0.09673344,0.04665652,0.13625507,0.11676499
0.09595426,0.056370415,0.0799355,0.051283922,0.0730415,0.24000204,0.12220081,0.061693177,0.115778096,0.10374025
0.07974496,0.08216834,0.23086916,0.06834328,0.09671859,0.1249356,0.06600139,0.03233433,0.08500064,0.13388368
0.07912623,0.08295204,0.27623487,0.06774127,0.102797486,0.104077004,0.05746431,0.027319342,0.07272257,0.12956485
0.074991874,0.08750628,0.2676782,0.07016264,0.105975255,0.10224641,0.056762405,0.026989168,0.07825975,0.12942801
0.07844621,0.09853099,0.19809948,0.0784648,0.093396075,0.12222303,0.061116528,0.035811033,0.09490641,0.13900542
0.082963295,0.11477518,0.15901762,0.08986484,0.09234507,0.13749446,0.06423356,0.038582414,0.10912574,0.111597896
0.083798386,0.09403574,0.1370498,0.07810769,0.083688594,0.1499361,0.08633216,0.05275195,0.108472474,0.12582715
0.08155995,0.08296402,0.18897267,0.070901245,0.08932337,0.13500658,0.070423596,0.04482246,0.0816242,0.15440194
0.0788671,0.07583801,0.26359633,0.06300579,0.10414575,0.11323,0.06431488,0.026644077,0.091351286,0.11900676
0.10655324,0.07353709,0.15430322,0.06597824,0.10033701,0.17363338,0.074679084,0.044435337,0.10211479,0.104428604
0.09397119,0.07078447,0.25419122,0.06435057,0.09754496,0.11086581,0.07687225,0.045433015,0.057354074,0.12863237
0.08749569,0.06908624,0.23469517,0.06070881,0.09614085,0.12386713,0.075216964,0.041125108,0.07033316,0.1413309
0.10439473,0.0683164,0.18149313,0.06058735,0.09305396,0.14902352,0.09122743,0.048930075,0.08360215,0.119371235
0.11375599,0.060821597,0.11294169,0.06343961,0.066181295,0.17154199,0.12202138,0.085832484,0.07018677,0.13327718
0.09512743,0.058439083,0.06300414,0.06077626,0.058143277,0.23940411,0.12516643,0.09136255,0.090300746,0.11827597
0.09510629,0.058537293,0.10429763,0.06138902,0.06364172,0.20583384,0.11885139,0.06333171,0.076725625,0.15228547
0.07837963,0.09339308,0.16566339,0.07369188,0.09001757,0.11942954,0.090805605,0.04128892,0.087015234,0.16031525
0.08922093,0.07250406,0.1081255,0.07173516,0.07190862,0.19980933,0.1118145,0.061777387,0.07678253,0.13632195
0.088570066,0.10352171,0.08334831,0.07775516,0.0825123,0.19105114,0.10483733,0.052506976,0.12896352,0.08693346
0.084700815,0.11069354,0.08299687,0.080589905,0.09165259,0.19147408,0.0917196,0.0490388,0.14511897,0.07201475
0.07448557,0.074769296,0.0984717,0.062077984,0.0845343,0.20661442,0.09364617,0.040133677,0.13748772,0.1277792
0.07652163,0.05613253,0.079495065,0.057113133,0.06594231,0.25650895,0.117845036,0.054734796,0.10411614,0.13159043
0.091048434,0.0432591,0.060642138,0.051691767,0.11668108,0.13493113,0.10786118,0.042838387,0.21270788,0.13833895
0.07616977,0.046057854,0.06579671,0.051126346,0.10825928,0.10316842,0.1372591,0.037376378,0.22684869,0.14793739
0.08260377,0.07247688,0.09039227,0.077974334,0.09933031,0.058536373,0.10417837,0.062432777,0.15698074,0.19509418
0.08959624,0.05241178,0.05225956,0.06399146,0.09087429,0.09324743,0.12181082,0.046581317,0.20850831,0.18071887
0.07992587,0.0666858,0.13018088,0.072128765,0.11150356,0.05518252,0.0932908,0.059288,0.14803055,0.1837832
0.06447571,0.046622846,0.10965801,0.050330665,0.11978761,0.06520802,0.13470283,0.036110174,0.20679134,0.16631283
0.08154134,0.0614266,0.12862189,0.062110793,0.13189782,0.070807785,0.08803457,0.053286064,0.1625485,0.15972464
0.079983115,0.06511623,0.115414925,0.0656405,0.12837207,0.06200625,0.11083225,0.046375837,0.16382846,0.16243045
0.06888083,0.08782607,0.203079,0.076017484,0.12952077,0.04047105,0.073042564,0.0642783,0.09973469,0.15714926
0.05717737,0.06411036,0.23197891,0.057648458,0.16928829,0.043201234,0.08612636,0.04672072,0.11099834,0.13274996
0.060985368,0.06029253,0.22830841,0.05435177,0.16911831,0.050400577,0.07730648,0.049893506,0.1207727,0.12857033
0.065177515,0.05607702,0.21662793,0.055883378,0.15789458,0.053649012,0.076143585,0.05518352,0.13212927,0.13123415
0.065631844,0.0565399,0.21926512,0.054393057,0.16247238,0.05535481,0.07239839,0.056089673,0.12822685,0.12962799
0.07875158,0.07189081,0.1658273,0.075519264,0.12421199,0.052838854,0.07440281,0.07327263,0.12935093,0.15393381
0.07339176,0.057172783,0.17289244,0.060556185,0.14851473,0.0663089,0.08147446,0.060812145,0.14551185,0.13336475
0.09049104,0.04903819,0.10851731,0.060855556,0.12450303,0.084621586,0.08662543,0.06762062,0.16603722,0.16169
0.09387994,0.053734988,0.11116392,0.06441336,0.12871158,0.08448084,0.08236443,0.069487594,0.15921886,0.15254453
0.10651011,0.049454015,0.08148117,0.059265796,0.124018766,0.12304596,0.07447157,0.06215797,0.18053988,0.1390547
0.08086765,0.054850373,0.10668604,0.057135753,0.106751345,0.05927228,0.12513234,0.03403802,0.16581379,0.20945242
0.08840327,0.088816464,0.1270976,0.07941113,0.11296507,0.042944767,0.096863955,0.045762967,0.12105981,0.19667494
0.08192474,0.08061243,0.10887051,0.074399404,0.09602261,0.039299313,0.11336406,0.04046761,0.13451912,0.23052025
0.08127645,0.07745941,0.103207596,0.076224595,0.0948994,0.042875662,0.11301804,0.04703029,0.1465538,0.21745476
0.073536985,0.08241574,0.14960313,0.07500007,0.11550809,0.03849025,0.1019331,0.047615405,0.124720514,0.19117677
0.067896344,0.07584896,0.20454891,0.06658011,0.15638632,0.042193044,0.088609606,0.043335486,0.11661862,0.13798264
0.06901756,0.076410376,0.22056541,0.06565265,0.155301,0.04672169,0.07341573,0.052997246,0.10879131,0.13112707
0.056015782,0.0676131,0.22183791,0.059891265,0.16368598,0.04144015,0.090884075,0.044570837,0.11857478,0.13548616
0.06996662,0.0699908,0.19850852,0.06295506,0.15658289,0.055307455,0.07215175,0.05964344,0.12275312,0.13214026
0.069463685,0.071491495,0.20490265,0.06941878,0.15057325,0.05524553,0.06880488,0.065536804,0.12505,0.11951287
0.06323913,0.06834355,0.236579,0.062838286,0.1472796,0.041943673,0.075003624,0.054533735,0.10588345,0.14435594
0.064600505,0.06586951,0.22456583,0.06161318,0.1470649,0.043600224,0.07912697,0.05371891,0.11238771,0.1474523
0.03036785,0.088844486,0.023338143,0.085213594,0.035793256,0.061818197,0.08796362,0.066646874,0.12938249,0.3906315
0.031564873,0.07392096,0.021102207,0.0735043,0.032387912,0.051002197,0.094529256,0.066713944,0.14774032,0.407534
0.03423806,0.06394971,0.025423646,0.06762094,0.04258856,0.066930756,0.14553879,0.0690869,0.14268693,0.34193566
0.03127995,0.05769362,0.019578628,0.060810164,0.033687327,0.06445246,0.13602658,0.061993975,0.14044565,0.39403167
0.056108035,0.0533256,0.01248271,0.058292348,0.038481537,0.16977812,0.123914294,0.06628963,0.20967837,0.2116494
0.051998403,0.053572137,0.0108118,0.055877764,0.037705366,0.15629189,0.14290728,0.06582767,0.20953386,0.21547383
0.026677458,0.07303471,0.020128494,0.063603655,0.03320159,0.049565483,0.15916525,0.05467886,0.1335976,0.38634685
0.021214558,0.08409336,0.020298492,0.07510212,0.02953723,0.04162936,0.088882335,0.049200416,0.10715785,0.4828843
0.016613798,0.07066835,0.014422315,0.0627628,0.024390996,0.031725813,0.104134984,0.03750956,0.09466104,0.5431103
0.01755385,0.08336147,0.01548125,0.07562038,0.025532981,0.039639276,0.07049171,0.038342122,0.090114996,0.5438619
0.015014907,0.1269299,0.02695469,0.09903114,0.037326474,0.036114268,0.07239662,0.036006663,0.061091773,0.48913354
0.051360916,0.09119058,0.033301655,0.09270172,0.055118866,0.15872641,0.0724977,0.08667904,0.17496505,0.18345809
0.0284633,0.11525419,0.07228875,0.102624655,0.061038803,0.05416908,0.11280885,0.07220207,0.10323765,0.2779127
0.028204737,0.12051722,0.06585517,0.10757034,0.050332267,0.06377467,0.073242694,0.06771639,0.10572653,0.31705996
0.03442277,0.10764565,0.055277668,0.10155527,0.051046114,0.084291734,0.07121214,0.07936753,0.12821656,0.28696445
0.04706314,0.09339403,0.07714042,0.102427706,0.061709587,0.107635155,0.066424094,0.097778015,0.14257325,0.2038546
0.03466921,0.109546795,0.09510412,0.10314695,0.060217317,0.060635224,0.09504786,0.09092121,0.12539011,0.22532114
0.03228574,0.09285525,0.04056885,0.08852989,0.044815686,0.070965886,0.1048759,0.07093658,0.13490053,0.3192657
0.021712521,0.09677061,0.0400386,0.08605791,0.04645008,0.048178088,0.117588475,0.057624407,0.09823546,0.38734376
0.016900461,0.085917786,0.025553,0.075161636,0.03491262,0.037067324,0.116869666,0.043199334,0.08547237,0.47894573
0.015906787,0.08687313,0.021812642,0.07720521,0.036528118,0.03566268,0.1380611,0.040976964,0.07954655,0.4674268
0.028953828,0.05924949,0.01786548,0.05964737,0.029606093,0.06722904,0.12429616,0.05837591,0.16341749,0.39135915
0.031157192,0.09901888,0.036060974,0.08820945,0.05472808,0.09455172,0.14721446,0.073244184,0.14093342,0.2348817
0.017305294,0.08679076,0.028125558,0.07245107,0.048675306,0.044294078,0.21606907,0.048630916,0.092880465,0.3447775
0.034416735,0.05770302,0.014651613,0.058285207,0.03484761,0.10889402,0.15407671,0.0609566,0.17503573,0.30113274
0.02550458,0.076291725,0.016667824,0.06602221,0.03148491,0.06001278,0.15509693,0.05326317,0.14168878,0.3739671
0.028868644,0.07094443,0.021678846,0.06703819,0.04862248,0.08604336,0.19669242,0.061382752,0.15055652,0.26817238
0.014963947,0.07648905,0.02783059,0.06418226,0.03783448,0.031909328,0.20036854,0.04545733,0.08863523,0.41232923
0.027726993,0.054455042,0.016467793,0.0565263,0.028282441,0.05839686,0.15443292,0.06039314,0.15776215,0.3855563
0.026988892,0.09940332,0.04300285,0.09023959,0.05498457,0.081720605,0.15727809,0.07257713,0.12436764,0.24943726
0.056080654,0.07424391,0.1844785,0.07770788,0.06602561,0.05556163,0.1386449,0.13593237,0.09784845,0.11347616
0.046655506,0.07724368,0.1897248,0.080522746,0.06655826,0.03508221,0.115928866,0.14969693,0.08573816,0.15284891
0.052452788,0.073225506,0.20840935,0.07393354,0.07996723,0.034937907,0.11280904,0.120958626,0.084037356,0.15926874
0.057898078,0.08198121,0.26049367,0.083997406,0.09930584,0.03729173,0.08592859,0.13706128,0.06743644,0.088605784
0.058262426,0.084305786,0.27336755,0.08990883,0.09274295,0.029792648,0.07087203,0.11933165,0.062811606,0.11860455
0.059262082,0.08319691,0.25760147,0.08850599,0.08356081,0.031709675,0.07709506,0.120191164,0.068872154,0.13000473
0.059715144,0.08638605,0.26692593,0.094140194,0.06639249,0.03354945,0.07557012,0.12735133,0.068453096,0.12151622
0.059361935,0.09182744,0.2633139,0.09666929,0.069904655,0.032511465,0.07445436,0.12615807,0.06551511,0.12028381
0.06095479,0.08017545,0.23301603,0.09190053,0.04827318,0.04375847,0.10192524,0.14235225,0.079299435,0.118344605
0.060116008,0.07826343,0.23604761,0.08565213,0.057380162,0.03972447,0.10705496,0.143964,0.075208776,0.116588496
0.054683097,0.075997934,0.19151482,0.08150838,0.05125637,0.038266554,0.11873541,0.13268377,0.09090386,0.16444978
0.057051897,0.07284778,0.20501181,0.080048285,0.073785044,0.030429443,0.09810104,0.12066062,0.08792747,0.17413655
0.06266618,0.06941569,0.17768061,0.078807555,0.07233021,0.036716968,0.10330936,0.10865712,0.101679616,0.18873672
0.062470734,0.07137489,0.1885108,0.08269298,0.06977242,0.03606754,0.09204601,0.10963766,0.101675205,0.18575174
0.058916427,0.0640115,0.1301007,0.0764304,0.04478216,0.0427222,0.1081713,0.09998352,0.124172576,0.25070924
0.06876898,0.039633617,0.1149785,0.052006226,0.041436177,0.07776874,0.16980514,0.11769282,0.15950783,0.158402
0.06639565,0.042042915,0.10611183,0.055334,0.037491713,0.082271375,0.18252641,0.12358314,0.14554393,0.15869899
0.053287275,0.051370814,0.10519037,0.06440731,0.029629285,0.042774647,0.14712001,0.105499886,0.12445724,0.27626324
0.063804455,0.064903796,0.18427426,0.07432804,0.067101575,0.04527604,0.11595934,0.1469329,0.10762607,0.12979348
0.04700044,0.073964365,0.17379257,0.08013842,0.055490114,0.028766256,0.10637235,0.15348436,0.08903492,0.19195615
0.044741075,0.09194668,0.1806405,0.09744765,0.0526081,0.02745587,0.09609208,0.16853586,0.07689108,0.16364104
0.048910208,0.08446222,0.17659381,0.09450809,0.045790683,0.030296812,0.10040775,0.17091033,0.08195056,0.16616951
0.055952013,0.07789333,0.19080909,0.08897797,0.054946765,0.028253652,0.09857369,0.13568436,0.081750736,0.18715842
0.04801232,0.052925248,0.12066977,0.06478788,0.042173944,0.03167627,0.13338616,0.119596355,0.11211361,0.27465844
0.061927345,0.042108726,0.09590685,0.055054724,0.03459971,0.07663861,0.18523878,0.12147869,0.14644586,0.18060063
0.062747166,0.04250546,0.09969044,0.04969984,0.042220432,0.087316304,0.2050499,0.115720354,0.14063181,0.15441835
0.063636884,0.059106797,0.16595627,0.066238,0.055579238,0.0601625,0.14435111,0.12831968,0.12083389,0.13581553
0.059731524,0.06583548,0.15912776,0.07130223,0.0515285,0.046672963,0.13628557,0.114477865,0.11017934,0.18485878
0.049581077,0.057267632,0.12443974,0.06237937,0.044693142,0.043204654,0.149827,0.10939471,0.12092034,0.23829234
0.058025625,0.032717876,0.08571029,0.041741543,0.038359296,0.11234264,0.21280707,0.10908952,0.15923537,0.14997074
0.09791187,0.08701773,0.10981928,0.10006766,0.05981488,0.08875354,0.19940929,0.035205007,0.081604354,0.14039636
0.096114695,0.09559894,0.070955686,0.10075871,0.0422984,0.085887805,0.19713736,0.01905553,0.06177181,0.2304211
0.12219098,0.07422001,0.042608805,0.07572296,0.053813275,0.15994641,0.24877048,0.026763773,0.08521519,0.110748164
0.08738927,0.111419305,0.117370605,0.11118549,0.05992576,0.06829044,0.13300477,0.032964766,0.060781676,0.21766792
0.0802158,0.11333268,0.13619924,0.11082567,0.06851073,0.07670155,0.108424604,0.045136783,0.076112494,0.1845404
0.07972774,0.10729215,0.1193527,0.10240324,0.060837112,0.09043476,0.09491942,0.041670542,0.09085406,0.21250832
0.07955245,0.11481815,0.12817493,0.10937616,0.066297986,0.08749149,0.09940402,0.05087283,0.08969404,0.17431793
0.09428424,0.10728816,0.10115385,0.095937595,0.08339773,0.13060391,0.121191695,0.05520729,0.12681189,0.084123574
0.080599114,0.11461014,0.16171262,0.116134755,0.070450746,0.089941375,0.09153255,0.054479863,0.09630421,0.124234654
0.08126969,0.1280434,0.1561737,0.121135466,0.07636444,0.0870764,0.102831304,0.04876645,0.08297186,0.115367234
0.07782352,0.110718824,0.1582771,0.11338246,0.07132229,0.06866324,0.103202015,0.043423083,0.07629644,0.17689095
0.09189046,0.11684783,0.13336971,0.11445669,0.06983176,0.093940206,0.121793,0.045521356,0.08490892,0.12744005
0.10694119,0.086558305,0.08396277,0.091932684,0.055524454,0.12621363,0.2477462,0.033928283,0.07956045,0.08763212
0.109187275,0.09656827,0.084296,0.095247805,0.06915103,0.13676837,0.19579922,0.037215687,0.103705145,0.07206114
0.11074279,0.07613943,0.09461936,0.095326185,0.045096237,0.097093344,0.21107502,0.032013547,0.09078637,0.1471077
0.09028959,0.09962734,0.08909203,0.10503935,0.051370166,0.07902082,0.16930734,0.026929395,0.06745012,0.22187375
0.10030981,0.091536164,0.080164894,0.10146384,0.0428927,0.08848385,0.18229024,0.026120175,0.07275146,0.21398692
0.0843328,0.10852932,0.13774444,0.115172766,0.057801887,0.058501128,0.12530361,0.033155967,0.066345185,0.21311286
0.08468277,0.11375848,0.1421369,0.116610095,0.056652475,0.057818305,0.1026176,0.029531011,0.06696948,0.22922285
0.090192445,0.113668784,0.12950179,0.11613905,0.049223363,0.056924324,0.106817305,0.025005069,0.067184374,0.24534358
0.111969315,0.11359302,0.11877052,0.11376251,0.061390128,0.09206312,0.1413221,0.034839954,0.089645065,0.12264428
0.07737749,0.116121106,0.20003611,0.12314374,0.07620328,0.063206,0.09281565,0.052927617,0.076911055,0.121257864
0.10512139,0.09452758,0.11890616,0.10824519,0.055971365,0.09274991,0.19441736,0.031494938,0.090654224,0.10791194
0.108191624,0.11581539,0.10286028,0.10529859,0.08437035,0.09424251,0.19250403,0.03875043,0.0878006,0.070166215
0.09369575,0.11443814,0.11962684,0.119330354,0.049510572,0.068888694,0.13124901,0.02681953,0.06987784,0.20656323
0.08046613,0.11732605,0.15650035,0.11456963,0.06444125,0.061070573,0.08520736,0.038491074,0.068039626,0.21388794
0.093080014,0.11247111,0.12192153,0.114514835,0.051757433,0.07445991,0.11932768,0.033467952,0.079441264,0.1995583
0.089053676,0.11684057,0.17095916,0.12883863,0.06944792,0.06896044,0.13914509,0.0375553,0.076757796,0.10244139
0.09207666,0.11229058,0.13347052,0.11521575,0.07245178,0.07696111,0.12397088,0.035798743,0.0832961,0.1544678
0.078898735,0.11160248,0.15236104,0.117252134,0.06560909,0.05491491,0.10420851,0.034254517,0.06410266,0.2167959
0.07677832,0.11368239,0.124767035,0.11379642,0.1411815,0.06580044,0.08977635,0.13348089,0.03973517,0.10100154
0.055389427,0.11849811,0.17531982,0.11417261,0.18259639,0.045949716,0.064342104,0.1308084,0.027741518,0.08518194
0.064936474,0.11579403,0.20464034,0.12257058,0.15489522,0.06382416,0.041527096,0.10335138,0.028887765,0.09957292
0.060428265,0.11715459,0.25139767,0.12984048,0.16483124,0.05442082,0.033523206,0.08836472,0.022853913,0.077185124
0.0934088,0.090138964,0.19098434,0.11843405,0.09990801,0.0965084,0.05314002,0.1135266,0.04563727,0.098313466
0.099205725,0.04758076,0.11733592,0.06196389,0.101855874,0.12632272,0.08019691,0.19241658,0.10288783,0.07023377
0.09533913,0.03742995,0.1252785,0.048784304,0.12846147,0.1155098,0.0662863,0.21986523,0.11403628,0.04900901
0.08091875,0.032932986,0.107963905,0.0428577,0.14869167,0.0697318,0.07268914,0.3027845,0.08927138,0.0521582
0.091254875,0.028691223,0.040892955,0.03382766,0.1432706,0.10171373,0.11696848,0.25889826,0.14491837,0.039563797
0.07413291,0.047620647,0.1548387,0.061289266,0.13492805,0.068832144,0.07550745,0.24692145,0.060496856,0.07543251
0.065673895,0.076213226,0.16164424,0.07650032,0.22928706,0.059546895,0.054021113,0.16576967,0.052927822,0.05841585
0.09183227,0.06371378,0.18856074,0.07380673,0.17042932,0.07272949,0.048924036,0.16668572,0.060870495,0.062447496
0.05923608,0.08149066,0.26163,0.0876233,0.21934904,0.03666303,0.037097324,0.1364232,0.027153594,0.053333737
0.07247746,0.11406936,0.18994494,0.124162376,0.14104344,0.06418795,0.05731993,0.11446308,0.036029387,0.086302005
0.09969872,0.018133633,0.017392274,0.020209787,0.17213012,0.10375876,0.06303532,0.16931021,0.32165876,0.014672342
0.11495271,0.04220576,0.123106904,0.05042734,0.17595448,0.13531622,0.056114826,0.18249035,0.085397884,0.034033548
0.114687875,0.05513446,0.14967933,0.06505139,0.14903688,0.12559213,0.06695292,0.15651907,0.06301191,0.054334044
0.14296648,0.03991074,0.06572878,0.04621516,0.103974216,0.20113534,0.084594116,0.13825558,0.11904408,0.058175422
0.13844685,0.045665354,0.06429504,0.04830307,0.17372854,0.16503434,0.075123675,0.13772349,0.12291609,0.028763536
0.11028374,0.0443195,0.112343915,0.053946875,0.15135252,0.1536805,0.09015739,0.16886035,0.085327104,0.029728081
0.098546736,0.055146433,0.2086099,0.072676,0.13703108,0.08824521,0.062199336,0.16858825,0.049019992,0.05993695
0.10807309,0.052551053,0.08770084,0.06618379,0.0644081,0.13279276,0.10983151,0.16404071,0.06004154,0.15437655
0.10160565,0.04511276,0.08088958,0.054976404,0.10917457,0.14042155,0.14699504,0.20019124,0.07789703,0.04273621
0.11181493,0.048596323,0.0725955,0.056241687,0.11028952,0.23056859,0.11756961,0.13067472,0.08300566,0.038643453
0.10084776,0.06801503,0.094275236,0.06907978,0.15574846,0.23362207,0.057876572,0.08974509,0.090669505,0.040120576
0.07578073,0.07179699,0.099112175,0.06491824,0.33318996,0.09155916,0.047931127,0.1168412,0.076596774,0.02227364
0.068513855,0.08672026,0.23128964,0.10304429,0.1821228,0.075208925,0.049846377,0.11365479,0.034028143,0.055570975
0.09984428,0.071528465,0.18541098,0.09344236,0.11582598,0.14960378,0.06097823,0.10747665,0.059761193,0.05612806
0.106563486,0.054325096,0.076946944,0.053957015,0.20426586,0.16240315,0.0748309,0.12257813,0.12384679,0.020282673
0.11514528,0.05087695,0.15718158,0.062402014,0.11916454,0.16627117,0.05598082,0.13528273,0.076978244,0.06071668
0.08434112,0.13647176,0.053910706,0.17482711,0.1190183,0.115213536,0.087349415,0.03200552,0.09110358,0.105758935
0.085366465,0.1114326,0.072695464,0.14563274,0.11337905,0.16079563,0.07750407,0.031056622,0.10477425,0.097363025
0.06252862,0.10653403,0.1162655,0.1352374,0.1791777,0.090634525,0.0772078,0.04011365,0.10171684,0.09058401
0.060641482,0.10189453,0.14008696,0.13279116,0.17386015,0.082402885,0.06914926,0.04282192,0.09512851,0.10122312
0.060772654,0.11187466,0.11398933,0.14561145,0.1740742,0.091862835,0.07763412,0.04116757,0.099283814,0.08372935
0.060249694,0.10997709,0.14056697,0.13742389,0.18969943,0.08105066,0.06120223,0.037408326,0.08822512,0.09419659
0.045933127,0.13248453,0.14396574,0.16181628,0.19384892,0.050663497,0.061576143,0.04415164,0.052958526,0.11260163
0.07929541,0.13367495,0.10112559,0.14945862,0.14230126,0.09437794,0.056988563,0.028393714,0.05942465,0.15495937
0.08067234,0.15158159,0.07532847,0.17542116,0.11078697,0.10170275,0.051841374,0.023743121,0.048324257,0.18059804
0.088192284,0.16438243,0.056161985,0.19571686,0.096241914,0.12351431,0.048640497,0.018794665,0.0547078,0.15364726
0.08071178,0.1578717,0.07131626,0.199117,0.10441736,0.118689865,0.055594545,0.022212831,0.06190801,0.12816072
0.080928124,0.14380802,0.0762423,0.18089098,0.1179026,0.12312726,0.060453802,0.023728956,0.08295232,0.109965615
0.05787511,0.14122036,0.07760438,0.18160842,0.1401532,0.06907836,0.08939915,0.044487204,0.060130075,0.13844374
0.062142603,0.12637791,0.08746269,0.15913737,0.15733743,0.08502018,0.088824905,0.041516036,0.072898686,0.119282186
0.049669024,0.12622312,0.11691074,0.15644427,0.19214545,0.055281844,0.0821355,0.048266657,0.06206926,0.110854074
0.08866142,0.12175237,0.07508062,0.15147418,0.12560263,0.13764378,0.06793901,0.02556395,0.090615176,0.1156668
0.08088061,0.13403086,0.07770056,0.17011929,0.13456838,0.10986976,0.0714148,0.02923018,0.0885986,0.10358694
0.0746236,0.105254486,0.065060236,0.13144864,0.13367647,0.16044736,0.07157725,0.02978429,0.15274797,0.075379625
0.075682536,0.08680791,0.06981098,0.110174336,0.1422074,0.16443856,0.065476626,0.02820749,0.18495944,0.0722348
0.062334776,0.10485361,0.07886262,0.12467646,0.16182904,0.13237208,0.0764879,0.03610693,0.1580681,0.06440835
0.095651865,0.102084324,0.06644499,0.13425367,0.11271534,0.1507136,0.08972963,0.03633074,0.11320499,0.09887082
0.09177521,0.098173514,0.07800094,0.12403399,0.12664735,0.13935144,0.09062813,0.036867417,0.11524127,0.09928077
0.08105934,0.106632374,0.07652437,0.1319681,0.12879005,0.14174417,0.09130269,0.03703235,0.10163045,0.10331613
0.059537124,0.11688477,0.10177024,0.1465558,0.1731336,0.08671935,0.08449288,0.043035142,0.08971947,0.09815162
0.05940333,0.12626415,0.09727979,0.16305573,0.1588929,0.087199636,0.085698366,0.042277973,0.07504282,0.10488533
0.07905538,0.11754921,0.1023592,0.1449816,0.13980922,0.12353305,0.066001855,0.029016774,0.09385893,0.10383482
0.08855576,0.12633964,0.07619657,0.16879411,0.10988018,0.13704044,0.073517986,0.028293401,0.0856132,0.105768725
0.058889817,0.13994075,0.09374454,0.15997025,0.17108156,0.10058896,0.06390023,0.029335003,0.102339424,0.08020941
0.061619595,0.10857915,0.14467794,0.1319279,0.19217622,0.08559847,0.058127392,0.03472424,0.096434146,0.08613495
0.056188688,0.10976835,0.16396093,0.13774551,0.19468722,0.072484195,0.056745898,0.038352568,0.08293235,0.087134264
0.07258267,0.0882562,0.12606418,0.07537842,0.053421233,0.21739128,0.03869394,0.1782606,0.066603504,0.08334802
0.09268419,0.06164323,0.11188258,0.059091017,0.05399801,0.2104702,0.04546726,0.1922274,0.057859447,0.114676684
0.07160596,0.05571434,0.072902635,0.051915474,0.041311953,0.21733552,0.062530525,0.1885958,0.1084035,0.12968433
0.07168673,0.07492833,0.08130314,0.064551674,0.051836412,0.21248038,0.061158393,0.1882175,0.081800155,0.11203726
0.044383716,0.062439684,0.019149793,0.05602002,0.1221931,0.1689459,0.052912284,0.09420592,0.3184325,0.06131713
0.07881114,0.08665202,0.051907897,0.07132034,0.07838587,0.24011034,0.084373355,0.09583744,0.11960685,0.09299475
0.05764289,0.085251555,0.03977362,0.06888772,0.09672639,0.22406511,0.067247316,0.11770187,0.14759277,0.09511077
0.03665021,0.083518654,0.017932069,0.06794768,0.16351517,0.15278931,0.039230965,0.093473695,0.30139548,0.043546814
0.03770017,0.092918344,0.02007631,0.07187856,0.17278591,0.17132972,0.039318133,0.086394854,0.26931486,0.03828307
0.040499672,0.09128926,0.020890573,0.074955866,0.1370277,0.18836597,0.04625049,0.078597136,0.26525453,0.05686872
0.04564342,0.1203905,0.03479225,0.090794615,0.11350414,0.24984215,0.05267204,0.07888101,0.13533331,0.07814659
0.049867865,0.118669644,0.043846473,0.08997128,0.090424426,0.27487567,0.06001039,0.08248972,0.10627754,0.0835669
0.07447319,0.103431955,0.07905405,0.080727056,0.081359066,0.23964052,0.052833453,0.1236887,0.06783557,0.09695643
0.07268564,0.082305685,0.087995365,0.07062109,0.06330756,0.25366852,0.059415337,0.1278771,0.050872512,0.13125117
0.08150879,0.07220499,0.08421349,0.060433157,0.06580496,0.22947268,0.05586617,0.16609131,0.07879692,0.10560751
0.094881155,0.044258427,0.12055403,0.04752942,0.04130182,0.20755418,0.06481886,0.22781816,0.044940602,0.10634342
0.08970651,0.045407593,0.10077797,0.047432028,0.036081214,0.22248253,0.060246274,0.19280173,0.047994796,0.15706937
0.08301035,0.088402584,0.118078984,0.071022175,0.072434805,0.19803405,0.036358673,0.1928355,0.068985574,0.07083741
0.115101725,0.066831075,0.1806058,0.06678562,0.04319831,0.16661982,0.053780425,0.17865774,0.043677233,0.084742256
0.11364826,0.041019753,0.10816937,0.044972047,0.023463115,0.20952591,0.103646874,0.15616058,0.07292125,0.12647288
0.11723509,0.066262655,0.14682819,0.06446387,0.038656082,0.20517999,0.07113964,0.13582729,0.056235697,0.0981716
0.11247599,0.054323338,0.12501104,0.05493528,0.035972882,0.206331,0.0707723,0.160182,0.056789905,0.12320622
0.105286464,0.054476656,0.12001035,0.055608843,0.031923346,0.2032401,0.07804449,0.16521321,0.06233034,0.12386624
0.084011436,0.07014431,0.066040434,0.06181537,0.047267307,0.23285973,0.10249533,0.12093553,0.10984686,0.10458367
0.0798281,0.071713574,0.058108695,0.06466483,0.04571592,0.2258897,0.09224262,0.10464163,0.12272502,0.13446997
0.07484197,0.084300935,0.07406894,0.07234987,0.05606039,0.20846882,0.06757091,0.15012921,0.10564193,0.10656699
0.06810372,0.05540135,0.051886365,0.054911222,0.05106132,0.16874067,0.067439236,0.14854166,0.07173933,0.26217505
0.06951607,0.06006046,0.0592698,0.058614064,0.051826492,0.17697443,0.050931804,0.16212964,0.09984753,0.21082965
0.08247359,0.06328131,0.054344915,0.057046413,0.07095386,0.2098544,0.08204688,0.13968799,0.13543975,0.10487087
0.089934595,0.06552082,0.06593157,0.063653365,0.04241881,0.19924472,0.081212245,0.108812466,0.098128185,0.18514319
0.09697673,0.036361378,0.08402921,0.035866413,0.07968219,0.10170024,0.17136295,0.07225734,0.08886076,0.23290277
0.08795355,0.03301765,0.07722528,0.032275844,0.08428681,0.15297885,0.117284566,0.04965233,0.08983382,0.27549133
0.06447985,0.02826926,0.04278317,0.027798338,0.21732613,0.17553054,0.12384194,0.052576553,0.12952998,0.13786414
0.088290766,0.026864558,0.061780605,0.026531847,0.08661753,0.1082247,0.14269245,0.04603718,0.09626192,0.31669843
0.09545897,0.027346369,0.078467876,0.027597757,0.07273723,0.09594239,0.14468656,0.05534816,0.10599052,0.29642406
0.09183824,0.037038296,0.098233566,0.035680972,0.08120086,0.147189,0.096271396,0.050708644,0.116043165,0.24579579
0.090736315,0.03247557,0.075701326,0.0336022,0.0678364,0.10562546,0.15786201,0.06438631,0.08681996,0.28495443
0.0989838,0.025432399,0.078385584,0.027610201,0.07118017,0.117090225,0.123257376,0.046989936,0.10404484,0.30702543
0.08901295,0.033856403,0.06650891,0.02968733,0.08152826,0.12651443,0.21856676,0.0732166,0.07246194,0.20864648
0.078701995,0.031729016,0.076850936,0.030758698,0.094424374,0.29857308,0.122724,0.050127946,0.07144487,0.14466505
0.10772167,0.029443828,0.09037485,0.028603528,0.10541861,0.1674414,0.13438275,0.049513914,0.108575605,0.17852381
0.10417625,0.031003032,0.097257115,0.030372554,0.06471627,0.116376914,0.17125554,0.06399227,0.092843734,0.2280063
0.07973623,0.029369863,0.0737286,0.027846541,0.14140067,0.2685092,0.11018427,0.04337416,0.100204565,0.12564594
0.07099066,0.03499415,0.07057443,0.032707274,0.13247654,0.29157555,0.088389166,0.044423196,0.08755862,0.14631039
0.06690126,0.041079175,0.07022249,0.036811348,0.14594184,0.30163136,0.08681755,0.04850676,0.0834622,0.11862611
0.1086076,0.026049703,0.08086845,0.03151956,0.043922674,0.07835999,0.09983143,0.049750622,0.111407764,0.36968225
0.10074586,0.031125003,0.075748354,0.0351833,0.055667903,0.098850064,0.11542886,0.055369902,0.09853576,0.33334506
0.105313145,0.03136439,0.08336938,0.03676768,0.04574673,0.07904744,0.1105474,0.059437625,0.10695487,0.34145132
0.1026299,0.03589778,0.097104885,0.039499693,0.052579775,0.09888855,0.13494694,0.072350584,0.094901055,0.2712008
0.0757702,0.03957818,0.090109766,0.040086944,0.10716915,0.15505514,0.081644505,0.056242708,0.15541361,0.19892979
0.083040595,0.03307419,0.08660228,0.034551643,0.088318,0.14823969,0.079790585,0.047668573,0.15003635,0.24867815
0.07149997,0.043106146,0.079098605,0.042191584,0.08849624,0.12915374,0.10430322,0.062215857,0.123701975,0.25623268
0.07942816,0.03475632,0.07092036,0.03782795,0.06313093,0.085720256,0.120024934,0.06665191,0.11648919,0.32505003
0.076436706,0.038913805,0.0925426,0.04004665,0.07960615,0.122353315,0.07681217,0.05093165,0.14679539,0.27556157
0.06367383,0.04457326,0.084899664,0.041759517,0.14063935,0.17438085,0.069667615,0.053139325,0.16817237,0.15909413
0.076220736,0.04403351,0.07798191,0.041362427,0.118674286,0.17540845,0.08107121,0.050517317,0.12782921,0.20690094
0.09634802,0.037062593,0.095244445,0.03686112,0.07595107,0.13160889,0.1334383,0.066047296,0.0963441,0.23109421
0.0928532,0.02582832,0.064068936,0.02657512,0.082467265,0.11203153,0.14605442,0.048083045,0.094985396,0.30705276
0.08051312,0.029520484,0.07442759,0.02858459,0.10960009,0.2710673,0.11321921,0.041064586,0.076540925,0.1754621
0.095164135,0.025013682,0.07198677,0.025828734,0.079434484,0.1669082,0.15733467,0.0526878,0.08660322,0.23903832
0.07341182,0.03805227,0.10204898,0.04225865,0.058921475,0.09174773,0.09743101,0.14324182,0.100970015,0.25191623
0.07252551,0.041152194,0.0932926,0.042951845,0.08216634,0.09740418,0.07318686,0.13145654,0.12886329,0.23700072
0.06983021,0.054147515,0.12887114,0.053887576,0.09100688,0.09533195,0.06822705,0.19867845,0.11021337,0.12980582
0.06512831,0.058345657,0.13127401,0.05918226,0.08276922,0.082515545,0.057482425,0.18255192,0.103516094,0.1772346
0.062512964,0.05312066,0.13391624,0.05791568,0.06360744,0.08766374,0.056704346,0.15913275,0.10243207,0.22299415
0.057915144,0.036101196,0.10074113,0.046686046,0.052166272,0.09721163,0.051520288,0.09454002,0.12151987,0.34159836
0.056540508,0.034351416,0.111068286,0.046238437,0.040583447,0.10388545,0.05466451,0.0940672,0.10448298,0.35411778
0.061100908,0.0361055,0.11546211,0.04776168,0.04557144,0.09610246,0.07326359,0.10643724,0.09166799,0.32652712
0.054605,0.041277304,0.09692302,0.05186046,0.06200486,0.08878926,0.052368753,0.091049306,0.121208146,0.33991393
0.068273105,0.04604322,0.14040281,0.050521713,0.071768425,0.09570346,0.11078572,0.13823739,0.08055904,0.19770509
0.06987188,0.04262124,0.13040583,0.053799227,0.0757523,0.09643911,0.08430881,0.1169259,0.110220864,0.21965487
0.058851242,0.04232137,0.11911889,0.05460836,0.051041424,0.09272822,0.059721064,0.104213364,0.098924175,0.31847197
0.060521033,0.04299168,0.12764217,0.053906437,0.050396904,0.0938124,0.07514989,0.119743586,0.0836537,0.29218218
0.055417795,0.050423287,0.11663214,0.056804184,0.06878182,0.09822203,0.063431665,0.110982396,0.10866368,0.27064106
0.06162956,0.058097396,0.13810922,0.062332872,0.083620444,0.08079817,0.05368417,0.15238996,0.12464002,0.1846982
0.06133851,0.041699287,0.112602755,0.0475142,0.056802567,0.09794017,0.06716264,0.12042205,0.1047278,0.28979
0.07064172,0.045055002,0.11843451,0.047776643,0.069989145,0.09235581,0.070249364,0.14344297,0.1207881,0.22126676
0.06758068,0.030154731,0.08855476,0.037723705,0.050788492,0.09878018,0.06889787,0.09380123,0.12381807,0.3399003
0.06844785,0.026538052,0.100712,0.0372579,0.037227612,0.10397268,0.09233805,0.09769266,0.09464067,0.34117252
0.06783632,0.026073452,0.11600782,0.039123457,0.033271365,0.11243405,0.09238011,0.09265265,0.08624478,0.33397603
0.070651166,0.02744912,0.123894766,0.04013037,0.03676096,0.113186784,0.0940655,0.10041409,0.08933523,0.30411193
0.07895232,0.026305709,0.11582624,0.034852233,0.042392936,0.11205381,0.12993331,0.103112444,0.096445926,0.26012513
0.079787426,0.03522838,0.11254801,0.038191233,0.0652794,0.095634095,0.11163705,0.11957956,0.11648679,0.22562802
0.06811126,0.052312016,0.1054601,0.050752442,0.14130281,0.08183233,0.08346183,0.14251645,0.13327795,0.1409729
0.049792882,0.05454459,0.061825424,0.054763634,0.23642857,0.07808729,0.06231154,0.101815656,0.17755458,0.12287579
0.06580391,0.040643208,0.09098212,0.04480887,0.12074784,0.09603685,0.09887951,0.09682442,0.12782362,0.21744958
0.06871199,0.035880055,0.11018278,0.04098585,0.07712379,0.10673611,0.13499013,0.10653611,0.08127081,0.23758236
0.07075988,0.032371406,0.07581004,0.037610076,0.15591983,0.1147286,0.10903042,0.10112513,0.1305097,0.17213494
0.06910781,0.036959205,0.0946205,0.041729216,0.10800281,0.12627321,0.11537908,0.10784772,0.09929579,0.2007847
0.075284995,0.036073025,0.11374262,0.04026262,0.08710174,0.10193092,0.14135219,0.123090334,0.08875625,0.19240534
0.06941886,0.04513182,0.060288046,0.06740107,0.09180553,0.18462606,0.07804785,0.18348287,0.07946898,0.140329
0.069400735,0.061669353,0.046402793,0.082119636,0.11030047,0.17224814,0.07188321,0.18745235,0.07819723,0.12032602
0.07040019,0.06371336,0.058095884,0.08205766,0.09577907,0.18729621,0.079167694,0.1927417,0.067580305,0.103167795
0.06069345,0.08883162,0.037830137,0.11216052,0.108273044,0.19676414,0.04263954,0.16753255,0.09194726,0.09332768
0.06309929,0.0552265,0.06528598,0.081083655,0.09250976,0.15471596,0.057454616,0.22954035,0.11824771,0.08283622
0.069787584,0.039966032,0.09428672,0.06654337,0.06692042,0.2183901,0.06729732,0.16985057,0.06943128,0.13752654
0.074174315,0.04736381,0.08594284,0.07370897,0.074544884,0.18914331,0.08928888,0.18296406,0.069906615,0.11296236
0.069893755,0.055786356,0.06735819,0.08661407,0.07334426,0.23370636,0.052227814,0.14398336,0.06732163,0.14976428
0.07581833,0.038629185,0.10088509,0.06529953,0.065037884,0.1945794,0.09588917,0.17777097,0.061993934,0.124096505
0.066007935,0.05354643,0.06647589,0.08174384,0.08711182,0.20370421,0.052097544,0.18736884,0.090363935,0.11157952
0.06497534,0.080496736,0.04084422,0.110037796,0.10215381,0.15907617,0.04239598,0.20535322,0.10582522,0.08884149
0.069005646,0.09595291,0.036085393,0.12371584,0.10536533,0.148205,0.052848242,0.18854517,0.09971772,0.08055876
0.060380958,0.11860803,0.031660553,0.1402922,0.104745515,0.15771028,0.04037841,0.20273274,0.079038866,0.06445244
0.058824643,0.059989203,0.044709753,0.086365364,0.091034934,0.14602053,0.034413986,0.26287356,0.14350124,0.07226671
0.036019936,0.050673097,0.020739762,0.065282695,0.12736052,0.07966864,0.023173053,0.2297839,0.3336754,0.03362299
0.057362095,0.061205786,0.047903266,0.0841595,0.086368516,0.13742204,0.031224605,0.3046344,0.13532843,0.054391287
0.056308545,0.042769387,0.050925117,0.060631882,0.11527812,0.1008499,0.08021643,0.2603741,0.17273809,0.05990843
0.059873074,0.039401554,0.06897122,0.062425956,0.08442129,0.22925943,0.05994798,0.1908698,0.09021883,0.11461091
0.0771166,0.03362322,0.09011555,0.05793142,0.0711672,0.18039478,0.08855747,0.1865612,0.07723171,0.13730077
0.07930347,0.03704366,0.100315064,0.06711933,0.05869368,0.19153938,0.08248346,0.18537325,0.06454995,0.13357873
0.07970258,0.044628922,0.0949804,0.076063216,0.063579686,0.19192597,0.08893544,0.17936735,0.057375364,0.12344107
0.081316486,0.046734713,0.07652276,0.07877833,0.066972084,0.20904298,0.07237936,0.13691351,0.05917164,0.17216815
0.07791085,0.06888902,0.07115864,0.10700115,0.069994874,0.193403,0.06844454,0.17012815,0.06387644,0.109193355
0.063309126,0.034298677,0.09115535,0.062129997,0.061441343,0.18988337,0.037354056,0.20728613,0.1276589,0.12548313
0.07841381,0.03837513,0.100832574,0.068145335,0.062060215,0.20040143,0.09414383,0.16133086,0.058108605,0.1381882
0.07361255,0.025988204,0.10906525,0.052757356,0.05664378,0.17271549,0.090311356,0.17610757,0.083740756,0.15905769
0.05947173,0.03458689,0.07825363,0.058114234,0.07883136,0.16402192,0.052978195,0.23247956,0.15172955,0.08953288
0.038997736,0.042845912,0.03753528,0.06350034,0.10763718,0.13995692,0.026134562,0.25635833,0.2309954,0.056038357
0.04194866,0.036045987,0.049226355,0.051751576,0.10887604,0.14691609,0.041978218,0.29343894,0.17495485,0.054863255
0.042754807,0.04563944,0.02896032,0.06564742,0.14018366,0.13591614,0.038824733,0.21295375,0.21953388,0.06958584
0.11978199,0.03260088,0.090628244,0.02452358,0.06860337,0.040303353,0.18713158,0.10640656,0.04503004,0.28499037
0.09816544,0.032916468,0.07257679,0.024928164,0.07541139,0.033869226,0.15867609,0.07153072,0.04946451,0.3824612
0.14777218,0.035565376,0.09679964,0.02613155,0.07609283,0.04951253,0.14202215,0.083794184,0.06328265,0.2790269
0.15819667,0.032533936,0.107535645,0.025458457,0.072123975,0.05145739,0.18835056,0.1356478,0.04598502,0.18271057
0.16910806,0.031768914,0.10907404,0.024581643,0.06988768,0.053503606,0.18375719,0.12232253,0.045856874,0.19013943
0.19242829,0.027671883,0.09822217,0.021593204,0.05701509,0.045738026,0.21892028,0.1574914,0.04723958,0.13368015
0.17812042,0.026778078,0.11372781,0.021265361,0.0486821,0.04920379,0.22671135,0.1747233,0.037264083,0.12352369
0.24786983,0.02936967,0.1255348,0.02340669,0.059439592,0.06162958,0.15939116,0.13164164,0.06380838,0.097908676
0.24046847,0.028184429,0.12486236,0.02193133,0.049404353,0.059929,0.17691576,0.1555511,0.046420947,0.09633232
0.21723206,0.030679008,0.117575586,0.023925798,0.0837067,0.06428974,0.16147834,0.13029099,0.056889206,0.11393257
0.22285657,0.02779359,0.13777325,0.02207405,0.05194418,0.060020212,0.1700393,0.13133068,0.05098719,0.12518105
0.2498481,0.03387664,0.09650764,0.025606185,0.055383876,0.046760384,0.17880827,0.11780155,0.055302214,0.14010508
0.1784456,0.026992295,0.18539555,0.021318866,0.052245263,0.07326564,0.15044565,0.13070954,0.040592138,0.1405895
0.20953642,0.029269073,0.15456574,0.023184672,0.062073343,0.06842444,0.14471442,0.12085601,0.05673882,0.13063703
0.1634287,0.029487483,0.106090344,0.024493676,0.21929309,0.07484296,0.08950145,0.10436042,0.114457205,0.07404459
0.13279943,0.028095756,0.14941986,0.022541104,0.081507415,0.071488716,0.16904478,0.14993314,0.03864437,0.1565254
0.116416164,0.028308159,0.14570472,0.02063871,0.08006862,0.067402646,0.13684614,0.09106148,0.05149581,0.26205754
0.107350536,0.027127042,0.13783607,0.021389116,0.051209968,0.04984365,0.19625632,0.14631808,0.027780369,0.23488896
0.12553987,0.028079456,0.13824451,0.021729182,0.057540044,0.056975678,0.17270628,0.12121779,0.03633961,0.24162759
0.14528684,0.03153077,0.14511356,0.0245409,0.058505602,0.06146679,0.16710533,0.12784564,0.037317697,0.2012868
0.1254391,0.025276342,0.15816276,0.020318845,0.04819107,0.05691287,0.18922757,0.14721979,0.028029375,0.20122233
0.14118469,0.025043523,0.15660708,0.0201206,0.050710794,0.057973098,0.18562558,0.14235614,0.03205568,0.18832278
0.16048972,0.024979675,0.14567697,0.02010503,0.0463298,0.05264815,0.20282532,0.15802716,0.03020741,0.15871078
0.1580641,0.026835693,0.17992146,0.020745499,0.05253605,0.06625856,0.15358615,0.11147681,0.038380623,0.1921951
0.16137604,0.025893198,0.15043657,0.020999761,0.049034473,0.052200284,0.20334381,0.16462827,0.03127384,0.14081378
0.12994283,0.02837112,0.15486658,0.021797556,0.11293586,0.07222782,0.119899206,0.09112557,0.06338007,0.2054534
0.124927975,0.03013264,0.14444084,0.023488943,0.097091176,0.062407307,0.14498061,0.11368949,0.05577021,0.20307064
0.11239869,0.0313137,0.1426486,0.023077387,0.06753593,0.06076093,0.13426211,0.08841845,0.049972966,0.28961128
0.11957824,0.029274061,0.124662444,0.022007052,0.078546286,0.055388365,0.1525387,0.09997158,0.059094977,0.2589383
0.123263,0.029713282,0.11819652,0.022533678,0.100668155,0.06279122,0.12415067,0.083713636,0.08264584,0.25232396
0.051971998,0.04597476,0.0788997,0.05749337,0.14053991,0.12600228,0.054544874,0.21990807,0.08995757,0.13470751
0.060910482,0.05148116,0.07744306,0.06641157,0.15570164,0.15550652,0.05718057,0.20494616,0.07670062,0.09371819
0.07439811,0.027142968,0.118994676,0.033564683,0.08072423,0.064488776,0.10032316,0.23239927,0.038924906,0.22903913
0.08504738,0.029662758,0.107267894,0.030916896,0.09267506,0.0891489,0.08151109,0.18137944,0.05150151,0.25088918
0.097983845,0.040939998,0.06798629,0.048612047,0.15366802,0.13285097,0.0778124,0.15590586,0.09489256,0.12934804
0.10750683,0.032429826,0.13259497,0.038764045,0.090583816,0.08069845,0.08356658,0.19720595,0.053780068,0.18286939
0.10475258,0.035213407,0.13867846,0.039848495,0.0940052,0.0762806,0.07947904,0.18907294,0.046088386,0.19658092
0.09228196,0.047825444,0.137781,0.0526985,0.09999923,0.1084451,0.05911504,0.19646777,0.06513849,0.14024743
0.09090045,0.058964938,0.08046476,0.06953414,0.16559374,0.0852449,0.06061971,0.17102706,0.11414872,0.10350144
0.13334662,0.052790973,0.13799782,0.060076863,0.08672887,0.09246164,0.059020523,0.16583396,0.057731666,0.1540111
0.10233796,0.05675301,0.13097444,0.064001665,0.13719225,0.09056393,0.054201905,0.15513131,0.071762025,0.13708158
0.0989678,0.051762708,0.18032959,0.055858653,0.10370277,0.088997565,0.047538936,0.17059486,0.050704353,0.1515428
0.09084368,0.032477584,0.19467464,0.038849723,0.09001682,0.08382583,0.05927902,0.18664753,0.03875745,0.18462776
0.095217295,0.0342734,0.18913603,0.042246953,0.08789489,0.08165642,0.062211756,0.19041756,0.03843149,0.17851421
0.09974059,0.036965847,0.18473783,0.047045156,0.091600835,0.08308581,0.06210464,0.1880642,0.03945826,0.16719681
0.10572413,0.03808759,0.16767654,0.04698725,0.08614773,0.08555476,0.058542028,0.17520005,0.040873434,0.19520645
0.11103457,0.038543314,0.1637018,0.047003854,0.077280626,0.08537081,0.05950268,0.182311,0.04173305,0.1935183
0.13508698,0.06845226,0.121965855,0.0748316,0.08335165,0.08527081,0.04690855,0.15692323,0.049185906,0.17802317
0.097855285,0.036617093,0.15190186,0.04533944,0.08991204,0.07818643,0.06704816,0.19557723,0.050742984,0.18681946
0.08034206,0.027710615,0.15819487,0.03481882,0.07978947,0.07589373,0.06789284,0.19871007,0.038927466,0.23772016
0.08214592,0.036556773,0.15940554,0.043313235,0.09960259,0.0777254,0.06293142,0.20289317,0.052165832,0.18326011
0.09242169,0.04097338,0.14308737,0.048617158,0.09715098,0.0799787,0.06931672,0.21311177,0.059093628,0.1562486
0.0835406,0.04270585,0.16088799,0.047773704,0.09982547,0.06878032,0.06783969,0.21255015,0.042502098,0.17359413
0.06936161,0.0528877,0.13493136,0.051941745,0.09573218,0.070733376,0.056722462,0.22085848,0.0533557,0.19347547
0.10643026,0.08307432,0.12439475,0.079773135,0.089758515,0.06679638,0.054759063,0.20573342,0.046948124,0.14233203
0.103802815,0.06090097,0.10259442,0.059416864,0.0976587,0.06858814,0.05986717,0.16853788,0.04099055,0.23764247
0.099757686,0.05232709,0.103998885,0.05064703,0.08863692,0.07582495,0.053427987,0.15389235,0.04065528,0.2808318
0.10197792,0.062481254,0.095981024,0.06579612,0.11408299,0.06919169,0.06456509,0.17854844,0.05982768,0.18754783
0.082179055,0.049077075,0.17410524,0.053482745,0.09149322,0.07029341,0.06120395,0.20477389,0.038341276,0.17505021
0.09513724,0.043911412,0.12557174,0.048064873,0.08466651,0.07071636,0.065122426,0.18881553,0.044517085,0.23347683
0.083634146,0.032191653,0.12805116,0.032275826,0.10131485,0.1926764,0.08297045,0.120658465,0.10157457,0.12465247
0.093543775,0.022771506,0.122991554,0.024399469,0.058549825,0.16910903,0.11148606,0.1035301,0.06227468,0.23134397
0.07667657,0.016419804,0.10777002,0.01825412,0.051412065,0.14856617,0.10679483,0.11762457,0.053365648,0.30311623
0.09084876,0.02349042,0.11363607,0.024757357,0.057769228,0.16790895,0.06578966,0.08382058,0.06940339,0.3025755
0.09950943,0.040644538,0.1256325,0.03711334,0.07084821,0.20443279,0.063470714,0.08340972,0.11063936,0.16429943
0.08596191,0.05722898,0.10657446,0.050399408,0.07523994,0.19508326,0.048356988,0.1209126,0.1145567,0.14568578
0.10103354,0.054591972,0.08584959,0.04884951,0.0779002,0.16747874,0.08715527,0.09288408,0.104579285,0.1796778
0.06721222,0.06547359,0.11247005,0.061078638,0.09201297,0.2428447,0.0395918,0.10955828,0.084254384,0.12550332
0.053495143,0.08355799,0.0956333,0.07526452,0.08893171,0.24550764,0.032350224,0.13421804,0.07824216,0.11279926
0.05511463,0.041017424,0.12967342,0.038734168,0.07693657,0.22562942,0.04737498,0.23842166,0.07078779,0.07630983
0.058407668,0.02765705,0.14694455,0.027526904,0.06661643,0.22124454,0.03423294,0.20683958,0.076178886,0.13435154
0.047537934,0.030261014,0.12703842,0.03040208,0.089865305,0.21258926,0.036237523,0.2331184,0.08524939,0.10770077
0.06164104,0.018889884,0.1177002,0.018837038,0.051877983,0.18654357,0.037988786,0.15531208,0.07598891,0.27522048
0.072950825,0.013963948,0.120338075,0.016912734,0.046892386,0.16930282,0.04610481,0.09752993,0.06325554,0.3527489
0.07787926,0.028225884,0.10502238,0.034587305,0.048277915,0.16985413,0.066017166,0.0630262,0.04542101,0.3616887
0.07459461,0.03171893,0.08595474,0.032505922,0.050973408,0.14800462,0.121892765,0.05373497,0.043219827,0.35740024
0.057399213,0.017247252,0.099613495,0.017546127,0.04476238,0.17436022,0.028229302,0.051712476,0.07965537,0.42947426
0.08472039,0.034941185,0.13873802,0.03609369,0.06730271,0.23222712,0.06371155,0.08653868,0.077044085,0.17868257
0.0644427,0.019939577,0.13516752,0.021650406,0.055197023,0.2205689,0.02955741,0.07021091,0.08030849,0.30295715
0.09142403,0.03704183,0.11786772,0.041253984,0.095942676,0.20212124,0.11730294,0.075815775,0.07259367,0.14863615
0.09459048,0.032165315,0.118943974,0.034501974,0.087535545,0.21437176,0.09253501,0.059711803,0.0861663,0.17947784
0.09815952,0.020162638,0.13725966,0.024194952,0.06537862,0.21078761,0.06001326,0.05460279,0.072079435,0.2573615
0.09970978,0.039571922,0.10406032,0.042930324,0.062962964,0.18841828,0.12898906,0.05331965,0.05903329,0.22100437
0.090886764,0.071372084,0.08611943,0.07036145,0.08258852,0.18846823,0.13021009,0.06742396,0.06875966,0.14380978
0.09735694,0.076020055,0.105835564,0.074066155,0.070226505,0.21029583,0.06409933,0.07371405,0.09931341,0.12907217
0.09445976,0.0943714,0.09143614,0.094085224,0.06996249,0.20202002,0.08623975,0.09204281,0.06971382,0.105668694
0.074719466,0.03948915,0.09403864,0.038727447,0.05431966,0.21031749,0.08613012,0.10479873,0.046540484,0.25091875
0.07314628,0.030946057,0.08486802,0.033877246,0.07856039,0.17287974,0.06990927,0.08971421,0.092569895,0.27352893
0.062012777,0.023900911,0.14805609,0.025912078,0.056006253,0.23227127,0.031493798,0.16407986,0.07126739,0.18499951
0.07962878,0.038523797,0.12894586,0.03595238,0.061695427,0.21890363,0.04209807,0.09556319,0.10843553,0.19025335
0.057509493,0.04441846,0.10419739,0.049733832,0.16082714,0.05037693,0.04072535,0.1486392,0.20115682,0.14241539
0.085811,0.039792918,0.08577621,0.0487083,0.14061096,0.047465153,0.0666216,0.12440167,0.12525553,0.2355566
0.09072087,0.019011581,0.05483833,0.028172782,0.09578968,0.03893698,0.08358002,0.12508751,0.13094182,0.33292043
0.10009337,0.034500625,0.083938874,0.043881632,0.13886702,0.043633096,0.11968847,0.12186425,0.11974456,0.19378811
0.084194064,0.041541066,0.104976915,0.055364266,0.15715705,0.05589471,0.040916916,0.10570166,0.17455132,0.17970198
0.08050994,0.075898714,0.14492305,0.094104454,0.1699928,0.06462016,0.04823382,0.09549394,0.13579868,0.09042442
0.10035333,0.044976138,0.10522489,0.055347413,0.14113653,0.063524425,0.04746592,0.12465199,0.1628763,0.15444307
0.08776149,0.041047823,0.112249985,0.049622368,0.17034304,0.05372842,0.052083742,0.11295658,0.19534692,0.124859646
0.15779492,0.02155086,0.06739381,0.03216452,0.09163893,0.06299421,0.07025808,0.09799362,0.17255718,0.22565393
0.1116704,0.021733886,0.07929376,0.029885856,0.12635379,0.054495562,0.04483323,0.09145282,0.22830634,0.21197431
0.1438418,0.032497857,0.08764538,0.04534005,0.106291875,0.08050696,0.05088723,0.07292214,0.21257503,0.16749166
0.12662712,0.051460695,0.12452118,0.06687178,0.13475113,0.083741985,0.036586907,0.0821062,0.16082385,0.13250919
0.1359643,0.04837491,0.10433877,0.063075766,0.111560114,0.087306336,0.042790238,0.08411454,0.18971382,0.13276125
0.1486293,0.0330013,0.08590053,0.047744356,0.110051945,0.077315025,0.04256296,0.059086476,0.20120743,0.19450073
0.14172567,0.03644132,0.07918898,0.057320345,0.088680685,0.08773876,0.045405507,0.06495548,0.20299368,0.19554955
0.119900905,0.052180387,0.09871932,0.07908364,0.1089523,0.07403157,0.061850097,0.102536336,0.1352647,0.16748086
0.14219227,0.050118513,0.100925006,0.07437595,0.10037814,0.10114754,0.03303893,0.0609887,0.1958489,0.14098606
0.16134197,0.04916529,0.113119505,0.062767036,0.107276954,0.08919349,0.05362055,0.095233254,0.13265258,0.13562931
0.11261158,0.036047984,0.10603643,0.04604021,0.1449524,0.06463233,0.039250802,0.0971106,0.21200387,0.14131378
0.10266781,0.04645293,0.12242767,0.05753197,0.1814487,0.056161147,0.06540784,0.083785735,0.17197512,0.11214104
0.10723053,0.03193933,0.06310377,0.0390575,0.12589048,0.03817559,0.19513851,0.11450225,0.12995265,0.15500936
0.16273606,0.021184642,0.04935639,0.03245302,0.06617308,0.061182484,0.154762,0.07771975,0.11279401,0.26163858
0.207101,0.029538535,0.08459596,0.038787253,0.1092121,0.072386324,0.09292795,0.06313607,0.13314846,0.16916645
0.14868234,0.04080305,0.08347286,0.049905814,0.12069692,0.073891364,0.0929767,0.06339165,0.19901882,0.12716049
0.1959505,0.033920534,0.07182184,0.04455434,0.0897792,0.07892759,0.10857845,0.062239014,0.13804017,0.17618838
0.21065265,0.022156684,0.048916325,0.035987727,0.058670864,0.085439764,0.10606819,0.04511858,0.13345028,0.25353888
0.19884555,0.026516508,0.04834299,0.03716438,0.06580498,0.06812221,0.17433695,0.057167303,0.10105323,0.22264592
0.24033311,0.030274298,0.056127198,0.043333348,0.06664125,0.09332794,0.09391707,0.038818292,0.13819341,0.19903415
0.1857413,0.035990033,0.057906434,0.05052605,0.072418556,0.07982707,0.13716689,0.05755554,0.12509997,0.19776823
0.2185669,0.023053799,0.05211696,0.039011035,0.057410862,0.09574419,0.05855055,0.039609857,0.15910445,0.25683132
0.06648735,0.08831041,0.12811284,0.08299749,0.16181204,0.08157499,0.04376206,0.07310011,0.08182379,0.19201894
0.07047718,0.10786102,0.106802456,0.095970854,0.16130815,0.069546185,0.050097372,0.06842785,0.088793755,0.18071519
0.06245917,0.09048127,0.13216232,0.073392704,0.18333675,0.065036155,0.0665954,0.08354261,0.07323275,0.16976102
0.051889963,0.08075522,0.16610974,0.06226689,0.20361513,0.070617035,0.06399203,0.07943905,0.059939384,0.16137554
0.04709741,0.084729046,0.15174717,0.060151707,0.18684928,0.061043587,0.06417536,0.07421401,0.07020133,0.19979106
0.058368426,0.0660455,0.11687186,0.05844329,0.18396193,0.06868924,0.050900538,0.079015814,0.07548072,0.24222273
0.0536634,0.09061048,0.1201451,0.06884311,0.18273655,0.06341892,0.056643102,0.0687613,0.07874087,0.21643713
0.07764458,0.06481705,0.0988574,0.07112337,0.18498203,0.06708441,0.04590452,0.091383025,0.07660646,0.2215972
0.06837251,0.11829776,0.08837176,0.11401747,0.22069734,0.07664543,0.05749374,0.060993098,0.06683982,0.12827107
0.06679892,0.0936277,0.09403314,0.08670165,0.19576629,0.07186044,0.057361215,0.0664512,0.07641895,0.19098058
0.06311502,0.07061951,0.0855273,0.069853365,0.18727975,0.072405785,0.04999141,0.06446283,0.08009743,0.25664762
0.055146277,0.095678255,0.106231965,0.074107446,0.19747065,0.06307858,0.06895912,0.066027045,0.07540254,0.19789807
0.0576167,0.08756627,0.12225082,0.069740474,0.17863764,0.063582644,0.06640071,0.07576218,0.07808253,0.20036007
0.06238619,0.07411981,0.15193714,0.07070196,0.19192424,0.08110265,0.051319215,0.086831145,0.06281717,0.1668605
0.068552755,0.1094732,0.093069784,0.10372281,0.17568949,0.08244539,0.04893377,0.057354193,0.08411126,0.17664738
0.064975165,0.15652688,0.08656034,0.11619758,0.14246815,0.06388986,0.058653876,0.050809134,0.101844445,0.15807457
0.0737527,0.12128608,0.082734495,0.10941155,0.15844327,0.076373205,0.052861713,0.056211,0.09545342,0.17347266
0.07110372,0.1528096,0.08109592,0.12530781,0.14232068,0.06881852,0.054966107,0.05058482,0.101649165,0.15134366
0.067941315,0.13580751,0.087099425,0.11019915,0.14325398,0.06944468,0.053881936,0.05321692,0.10273629,0.17641877
0.070636585,0.13944587,0.08398126,0.11498611,0.13200615,0.06729864,0.053522766,0.052918393,0.11000112,0.17520308
0.06726885,0.12735763,0.09873772,0.10367161,0.15429595,0.07357699,0.054593455,0.05775643,0.09399151,0.16874981
0.068671554,0.13628827,0.092239186,0.11033087,0.13806298,0.066153646,0.056277458,0.055993777,0.104299515,0.1716827
0.0717265,0.0681128,0.09458098,0.077765934,0.21598233,0.083355725,0.052622747,0.0779214,0.06866875,0.18926282
0.06207853,0.06656914,0.123312324,0.0666389,0.24609573,0.08426289,0.069600865,0.086653456,0.05165232,0.14313583
0.072847396,0.052898142,0.106797636,0.06016015,0.18819329,0.072974436,0.055257846,0.09637212,0.07000705,0.22449194
0.051765196,0.075222746,0.12762915,0.0615795,0.19561781,0.07291745,0.05736829,0.07021369,0.07035282,0.2173333
0.053126883,0.08594146,0.11654116,0.068242185,0.17619969,0.068062,0.060980238,0.06703043,0.08141037,0.22246563
0.07533911,0.08514248,0.08924988,0.093312204,0.18596128,0.080649845,0.04771573,0.068820305,0.080663696,0.1931455
0.062604204,0.10279624,0.11750168,0.0909931,0.20095073,0.07912368,0.059717596,0.068037145,0.06876448,0.14951116
0.059059735,0.10066273,0.10530122,0.08244094,0.18694949,0.07175026,0.05829683,0.061981063,0.07983543,0.19372232
0.08019447,0.042118683,0.09817467,0.03772407,0.13734245,0.124256164,0.07553085,0.10972545,0.0962409,0.19869225
0.056176286,0.032008976,0.09210683,0.023626156,0.11898066,0.0671085,0.092623316,0.1943148,0.09053213,0.23252237
0.050052643,0.01916635,0.050049994,0.017583687,0.09141743,0.12664539,0.06795682,0.22002564,0.18441172,0.17269035
0.061938066,0.034116343,0.083184555,0.029304633,0.1079626,0.13809256,0.077147156,0.20482948,0.0987996,0.16462505
0.05611831,0.02705226,0.08606286,0.022032177,0.095704846,0.108661555,0.06158994,0.18922867,0.12659529,0.22695413
0.055650707,0.027729115,0.08153391,0.023846226,0.096518636,0.117638774,0.06906708,0.2371488,0.10709991,0.18376681
0.04159024,0.020668974,0.03815998,0.02209496,0.11202671,0.18229738,0.06418519,0.16966465,0.19308285,0.15622911
0.053742822,0.032363497,0.06566894,0.036125537,0.11451321,0.19454375,0.062364127,0.16172208,0.09924171,0.1797143
0.059670217,0.02935887,0.10666655,0.024015944,0.1031922,0.09205606,0.07618121,0.22856896,0.080824204,0.19946578
0.05810828,0.027879301,0.051714323,0.03315852,0.13450752,0.23045029,0.08444352,0.13464181,0.1027833,0.14231306
0.069268,0.035917316,0.063261874,0.042315166,0.1403475,0.26552024,0.07512778,0.078323714,0.10948691,0.12043152
0.08280159,0.043221146,0.12472258,0.037179697,0.14667931,0.11303335,0.08041722,0.106131144,0.08484759,0.18096639
0.08087389,0.034129966,0.10969554,0.033958353,0.1387173,0.13060047,0.07821631,0.10829016,0.10992709,0.17559093
0.06874213,0.036196474,0.17656712,0.0277582,0.13286507,0.10182587,0.062073175,0.13305777,0.08078756,0.18012659
0.06749874,0.033094764,0.13853768,0.027578387,0.12539622,0.10247081,0.06234946,0.12194521,0.10069575,0.22043298
0.069062665,0.036115985,0.14188968,0.026936067,0.12753105,0.10275445,0.08111103,0.15839148,0.09046976,0.16573775
0.07660855,0.032731317,0.12574399,0.030431539,0.11534602,0.13827637,0.06427211,0.1097048,0.13276815,0.1741172
0.07346729,0.036638603,0.12088895,0.032693952,0.10291852,0.20305417,0.042792495,0.092364684,0.13632368,0.15885767
0.069458514,0.032877482,0.12068773,0.029414276,0.10294141,0.14104743,0.04777354,0.11045878,0.11725143,0.22808942
0.07531821,0.036534406,0.11696477,0.033309042,0.09785736,0.20177874,0.043317694,0.09911946,0.13185072,0.16394961
0.08150396,0.03302935,0.104779914,0.03002817,0.09968306,0.18421586,0.055820595,0.08466773,0.16652948,0.15974188
0.0788268,0.037591994,0.13164353,0.032962106,0.13618341,0.115259625,0.066010445,0.089364566,0.10693328,0.20522423
0.07807743,0.03904635,0.12540102,0.032791328,0.12554596,0.12128214,0.07018095,0.106102295,0.10961364,0.1919589
0.06956141,0.033086665,0.05900497,0.0304426,0.11984835,0.12072756,0.08135892,0.116913766,0.13590126,0.23315455
0.08081273,0.046243362,0.085496224,0.040579032,0.13722073,0.17840426,0.087303855,0.09580013,0.10655715,0.1415826
0.072707854,0.03763805,0.09088626,0.030884309,0.12828489,0.08436023,0.10555335,0.15743832,0.09268129,0.1995655
0.07088672,0.032512825,0.043136384,0.03205507,0.14846331,0.13737166,0.11581168,0.11302458,0.11577375,0.19096413
0.07669814,0.03441966,0.048623987,0.03588459,0.14428164,0.14280987,0.107530996,0.110046975,0.110355675,0.18934853
0.069003575,0.038544618,0.12698224,0.030692581,0.1395428,0.08728056,0.07365008,0.111131184,0.09100042,0.2321719
0.07295453,0.03828805,0.13670722,0.031780306,0.13768053,0.10325931,0.0639428,0.09711194,0.09601148,0.22226386
0.06430594,0.037800495,0.105239004,0.03484466,0.11127808,0.10410746,0.11180051,0.078612715,0.06141828,0.29059282
0.08781874,0.025236635,0.10366894,0.025337279,0.08545928,0.1338601,0.09601507,0.11169575,0.07955088,0.25135735
0.08164739,0.02252032,0.08323384,0.024172382,0.090705454,0.13532108,0.114357896,0.15190281,0.08667448,0.20946434
0.089380085,0.023712484,0.095928974,0.025385374,0.08921724,0.13194393,0.10966072,0.13432276,0.093852825,0.20659564
0.088965036,0.023555672,0.084998935,0.023996385,0.09229294,0.10259759,0.12486582,0.16630888,0.06764344,0.22477537
0.07839895,0.02228504,0.07867873,0.023330422,0.08779318,0.1110968,0.12413188,0.17078969,0.07202278,0.23147254
0.09596292,0.024633039,0.104910165,0.024837887,0.090459995,0.12180189,0.10003765,0.15099804,0.06504846,0.22130993
0.09295917,0.02608237,0.09549176,0.027128708,0.08888021,0.12608251,0.109175146,0.12460425,0.06874203,0.24085385
0.082638375,0.021986876,0.08794911,0.022722522,0.09078158,0.09996274,0.11934476,0.20456365,0.060770895,0.20927952
0.091362685,0.023042476,0.06317094,0.02373584,0.08137775,0.12094933,0.13034649,0.17592041,0.060734518,0.22935957
0.09555909,0.026841056,0.049569387,0.026728243,0.09457455,0.15012133,0.1471207,0.14410159,0.070573784,0.19481035
0.07733198,0.031135878,0.09760834,0.027301185,0.09189868,0.073741026,0.13467935,0.115168974,0.04108476,0.3100499
0.081151135,0.03003474,0.10175554,0.026761733,0.099155314,0.088319756,0.12611838,0.106076606,0.0463997,0.2942271
0.08556212,0.027630914,0.10807955,0.026503641,0.10025527,0.102952234,0.11630683,0.11481412,0.052245665,0.26564968
0.09825122,0.034149684,0.12949492,0.033169523,0.10531923,0.12820521,0.097782776,0.096465096,0.057573225,0.21958913
0.082988955,0.03558792,0.14037418,0.032208525,0.12472262,0.10911006,0.09439784,0.1010142,0.052977964,0.22661771
0.06610101,0.03595411,0.0982415,0.03550826,0.106482826,0.12897909,0.10453159,0.07599237,0.08088502,0.26732418
0.06903329,0.032311417,0.10892118,0.033010777,0.111599356,0.12491015,0.103114344,0.092103265,0.09272619,0.23227012
0.0710838,0.031175638,0.10896661,0.033380996,0.105652615,0.12064575,0.10682356,0.094844185,0.08981635,0.2376105
0.065149024,0.035551906,0.114737496,0.03442879,0.12233464,0.124382295,0.09805787,0.08283273,0.08436402,0.23816119
0.060900502,0.03073936,0.10741331,0.030640755,0.11504552,0.11901571,0.10131288,0.09858392,0.08785241,0.2484956
0.07195611,0.027594425,0.090801746,0.028841052,0.10112298,0.111890316,0.12364819,0.14345363,0.07776552,0.22292607
0.07022948,0.028550422,0.096752435,0.029833864,0.10242908,0.100064285,0.1276271,0.12575155,0.07377762,0.24498421
0.09053369,0.025540613,0.07671204,0.028307274,0.085994914,0.14108583,0.12921442,0.12841032,0.10708583,0.1871151
0.08165726,0.01946517,0.063898034,0.019544998,0.074794054,0.09920191,0.12815024,0.21768162,0.052217413,0.24338938
0.07654814,0.016511815,0.06580964,0.017698247,0.06637082,0.09790052,0.12180358,0.18821052,0.05855571,0.2905909
0.07982739,0.017791513,0.079384506,0.017654533,0.090721235,0.12318802,0.113884665,0.196056,0.058147617,0.22334449
0.057305995,0.021460257,0.10900923,0.019481407,0.10025722,0.07290316,0.10736519,0.18681116,0.040453743,0.28495267
0.050545037,0.015915433,0.0815578,0.016899217,0.079490624,0.08263681,0.10932983,0.1833662,0.059387904,0.32087106
0.057287037,0.023892997,0.11108029,0.022330664,0.10210249,0.09263423,0.097713076,0.13951105,0.050701775,0.30274636
0.05795702,0.07540148,0.27763298,0.057789404,0.16297491,0.10829517,0.057909578,0.05054853,0.041306064,0.11018494
0.080771305,0.07541845,0.21642447,0.059408247,0.11888768,0.15698045,0.045274746,0.045744497,0.07731428,0.12377595
0.06300941,0.094544776,0.2695824,0.068107314,0.13051914,0.13595542,0.0459907,0.035175204,0.05463955,0.10247608
0.068519175,0.12930441,0.17947297,0.09300604,0.092596576,0.1532866,0.048839595,0.03322956,0.07819059,0.123554364
0.078620724,0.12820639,0.20439515,0.09566875,0.08595795,0.14645322,0.041533366,0.034866396,0.076403454,0.10789458
0.07758296,0.10857577,0.26412842,0.08090281,0.10290931,0.13006565,0.04417408,0.038262807,0.057198755,0.096199356
0.085558884,0.09630602,0.26921117,0.072502896,0.10322867,0.12496198,0.044451002,0.046034206,0.063781805,0.0939633
0.06889939,0.12588452,0.16440216,0.087016,0.1075019,0.11850444,0.0703118,0.047431905,0.06955072,0.14049722
0.13403715,0.09101393,0.1258475,0.081354104,0.06796039,0.11581484,0.070118636,0.08614618,0.090834156,0.13687317
0.1274223,0.11341807,0.12133257,0.0897186,0.07891642,0.11855763,0.07423719,0.06897561,0.076712966,0.13070868
0.09545402,0.13029572,0.14249279,0.09051752,0.09562171,0.11128142,0.08383784,0.049779203,0.061107278,0.13961248
0.13708077,0.09547997,0.09359122,0.0894144,0.08125185,0.1282972,0.069773845,0.050617244,0.08607198,0.1684215
0.09295669,0.12806949,0.13870509,0.0900265,0.09832016,0.098596185,0.08012741,0.050567962,0.066013105,0.15661733
0.08686031,0.13817954,0.10349164,0.1023607,0.07335242,0.09341273,0.11450211,0.057880614,0.062059272,0.16790064
0.12123223,0.111574285,0.11924603,0.089904286,0.086416066,0.124560826,0.08501353,0.054534033,0.067223795,0.14029494
0.08002716,0.11617359,0.12993823,0.08754694,0.09687266,0.08989895,0.11667257,0.063209616,0.05682069,0.1628395
0.09710378,0.099135935,0.13273542,0.081073284,0.09283756,0.13585675,0.07267946,0.050915558,0.084509164,0.15315309
0.15207916,0.103043415,0.12613818,0.09237506,0.06352889,0.12514482,0.08252602,0.06835029,0.06830148,0.118512645
0.15969683,0.09169126,0.178974,0.07927574,0.064964436,0.15858369,0.044258114,0.05327969,0.08264285,0.08663338
0.11118102,0.113106415,0.18755896,0.085121274,0.086324595,0.15525049,0.050611198,0.0411132,0.070882276,0.09885056
0.10294849,0.12686242,0.16283512,0.103039585,0.07395572,0.13624594,0.06265501,0.045807064,0.07386335,0.11178728
0.07576059,0.11424307,0.21026114,0.0891201,0.09860811,0.1315961,0.058249388,0.04004113,0.06778285,0.11433756
0.09084698,0.10530504,0.17859447,0.08432762,0.09102334,0.15142743,0.055424605,0.04058273,0.07953228,0.12293547
0.1610848,0.08873924,0.1837855,0.075819544,0.080599554,0.15477206,0.05210036,0.054262865,0.058304954,0.09053118
0.1848044,0.084023766,0.12873018,0.08150592,0.06692543,0.16894257,0.0528848,0.056102455,0.07183536,0.10424507
0.1748002,0.07283286,0.13555224,0.070768766,0.077827275,0.16665326,0.052253824,0.061971623,0.077238835,0.11010108
0.14084859,0.06795214,0.1270996,0.063983425,0.10400463,0.15826407,0.0676654,0.07167004,0.07474037,0.12377173
0.08590717,0.061181817,0.13905111,0.058119796,0.12923531,0.11144577,0.08391494,0.0764665,0.08737401,0.16730355
0.088927045,0.08763511,0.16262145,0.07109788,0.12183194,0.11414444,0.086686045,0.053695682,0.0631591,0.15020126
0.063949816,0.07475143,0.2945882,0.054864354,0.1636851,0.10973378,0.05231549,0.04497072,0.041299626,0.0998414
0.061284535,0.04197933,0.296388,0.04809027,0.105011195,0.08601681,0.11997757,0.044879623,0.07968263,0.11669002
0.07337788,0.039858915,0.26765847,0.047913555,0.09824562,0.08913011,0.12873375,0.05686073,0.0793099,0.11891097
0.069485,0.037788216,0.2752945,0.045535427,0.10054488,0.087872356,0.12791066,0.05307905,0.08108975,0.1214001
0.09133825,0.037998658,0.22654723,0.047129914,0.09763185,0.10383881,0.13635673,0.0664055,0.076478176,0.11627486
0.091295026,0.035504468,0.207638,0.047278203,0.09138815,0.10700833,0.14813675,0.07110935,0.075990416,0.124651365
0.07185793,0.042037394,0.2390789,0.051394746,0.10086497,0.10491221,0.12957144,0.04794235,0.08557687,0.12676325
0.07064456,0.038588118,0.27804214,0.04653117,0.102473505,0.090358354,0.12135063,0.05167504,0.08025152,0.12008498
0.10878511,0.041656137,0.16396917,0.044348165,0.09581348,0.12902221,0.16032152,0.078213625,0.07655168,0.10131895
0.09283391,0.037736233,0.18761118,0.047042057,0.08645226,0.11021558,0.16579366,0.074646235,0.07790168,0.11976722
0.073830865,0.044993907,0.25661916,0.05246168,0.10327611,0.097389296,0.122582026,0.061315466,0.071500644,0.1160308
0.093449116,0.045741048,0.16936278,0.054788217,0.09661995,0.1349727,0.1365389,0.06953255,0.07867897,0.12031581
0.09454564,0.04867015,0.15434796,0.059949536,0.09361752,0.13889852,0.13077691,0.076576345,0.07829336,0.1243241
0.08099433,0.054405887,0.16204247,0.06808668,0.09414721,0.13568237,0.12284728,0.06113276,0.0878456,0.13281542
0.08928715,0.0562239,0.12768555,0.06337776,0.09562271,0.16632181,0.12681507,0.07400306,0.08146556,0.11919744
0.10366252,0.049844854,0.13669823,0.055179067,0.09803869,0.15317275,0.12789325,0.08824696,0.07519733,0.112066425
0.08013737,0.03742637,0.22211471,0.048436463,0.09797951,0.10304934,0.13499576,0.064877085,0.07844259,0.13254088
0.091850385,0.047843017,0.17337197,0.05572285,0.103501804,0.13502885,0.118641086,0.07229354,0.07856441,0.12318216
0.09539072,0.05020821,0.16811395,0.05485776,0.104181334,0.14120401,0.11794282,0.08323818,0.071206875,0.11365619
0.087060116,0.045069437,0.2059046,0.047125448,0.10325118,0.108704805,0.13912691,0.06679636,0.08734118,0.10961991
0.073272504,0.045191646,0.22815537,0.055134125,0.09646655,0.101770915,0.13570216,0.057469882,0.07979601,0.12704079
0.08026794,0.04357115,0.2281236,0.052933943,0.10201414,0.107346654,0.12272983,0.060848173,0.07842625,0.12373825
0.092718996,0.050478283,0.19072743,0.057796728,0.10189018,0.12633014,0.11961069,0.068027556,0.078232214,0.11418779
0.062959224,0.051693242,0.23006001,0.060530145,0.10296142,0.112192884,0.12303308,0.041948393,0.08762289,0.12699875
0.061211005,0.062386584,0.19854361,0.07292106,0.10339176,0.12395714,0.10820246,0.038063284,0.09111326,0.14020993
0.06814711,0.05627172,0.23889786,0.06484199,0.10368643,0.10783249,0.11008302,0.044101216,0.08379094,0.12234722
0.08938108,0.05039998,0.18855657,0.06685588,0.09287253,0.11757429,0.11594757,0.058654882,0.08939496,0.1303623
0.08783694,0.04662422,0.22346824,0.057609215,0.099724345,0.10929988,0.115027405,0.055500854,0.08517123,0.119737595
0.0765634,0.04310819,0.26106152,0.052152947,0.1054463,0.09779844,0.1113752,0.049227368,0.08311735,0.120149404
0.06780236,0.044608414,0.2570773,0.0528865,0.10694965,0.102409385,0.118409514,0.04253059,0.08488199,0.122444384
0.0686673,0.044258542,0.27028388,0.052369583,0.10588873,0.096122764,0.11203708,0.045661677,0.08381127,0.120899096
0.05073215,0.03658803,0.2853192,0.03357734,0.14413556,0.03210665,0.15530679,0.07830716,0.039925233,0.14400196
0.05685093,0.03532684,0.24134973,0.033842266,0.123161525,0.050216615,0.075619414,0.096721426,0.098112755,0.18879853
0.061993815,0.07242701,0.120377615,0.0747912,0.1246012,0.051963307,0.047406416,0.1828193,0.14118889,0.12243119
0.056558378,0.08930876,0.111542754,0.08220029,0.14148347,0.040114515,0.093484,0.18380061,0.08854778,0.11295956
0.041004196,0.045827378,0.21725011,0.036790065,0.1147641,0.030421447,0.17841871,0.07385504,0.0418975,0.21977139
0.040367782,0.051042862,0.20097257,0.041333582,0.11634442,0.02903318,0.20217179,0.06957737,0.03692235,0.21223417
0.041204102,0.05522856,0.0966367,0.04089603,0.08961726,0.030837795,0.14790949,0.09838399,0.08407179,0.31521425
0.03619439,0.074555516,0.046291035,0.07690457,0.21661739,0.030951973,0.08560213,0.17542857,0.1932104,0.064243995
0.011314001,0.026125366,0.042356595,0.027128011,0.1615545,0.017003423,0.030894557,0.06896529,0.53912175,0.07553645
0.021957453,0.054825462,0.055128314,0.043294854,0.17302287,0.02171146,0.12486842,0.11292687,0.24858393,0.14368042
0.009918854,0.016758591,0.031707957,0.018114578,0.14476417,0.013609755,0.03780311,0.056860246,0.5855454,0.0849173
0.021870065,0.033818666,0.054271333,0.023352956,0.08821271,0.022675456,0.30840194,0.07816656,0.09693775,0.27229255
0.02805588,0.024064163,0.11627024,0.019330923,0.06793624,0.037157968,0.10105511,0.075181454,0.16973145,0.36121652
0.034598563,0.046296664,0.121314496,0.03527404,0.08151895,0.034498185,0.27975956,0.07016008,0.060217056,0.23636234
0.038755395,0.03937508,0.066752814,0.029507214,0.09684533,0.051006153,0.16444874,0.09269655,0.17182334,0.2487893
0.05362115,0.03208515,0.13929783,0.030451022,0.16182579,0.05990839,0.13099845,0.13809124,0.14546515,0.10825582
0.061791606,0.049951453,0.11467831,0.049792163,0.15364705,0.06960142,0.12357001,0.1442798,0.1488889,0.083799325
0.0385796,0.1311004,0.0519014,0.1260683,0.14859018,0.048974272,0.10462062,0.15206945,0.14594433,0.05215138
0.047529846,0.12544361,0.062481523,0.10659837,0.09529894,0.061544277,0.09755461,0.15241455,0.14894372,0.10219059
0.04186991,0.12064516,0.058735695,0.13703926,0.13932614,0.06063154,0.06427177,0.1556443,0.17743811,0.044398163
0.048651118,0.12722583,0.11948795,0.11804987,0.11090309,0.08202555,0.07294776,0.14451508,0.109049305,0.067144446
0.04971351,0.047181193,0.24607453,0.042004563,0.08369156,0.06492948,0.06858099,0.10927191,0.11488368,0.17366858
0.043975074,0.04460894,0.22553392,0.039420597,0.077794634,0.082969725,0.044688627,0.11597105,0.15322492,0.17181249
0.034910716,0.045701455,0.13668044,0.04008189,0.114727974,0.04422703,0.17656326,0.105870366,0.12354273,0.17769416
0.03786455,0.043671343,0.21572252,0.039546855,0.107574545,0.051515434,0.123438954,0.103100754,0.11372595,0.16383913
0.041329037,0.10166945,0.077543944,0.089619994,0.12930028,0.05674198,0.13866767,0.15300848,0.12680174,0.08531744
0.05063099,0.054085985,0.092956506,0.051398735,0.1605399,0.05912832,0.10345823,0.18058519,0.16905622,0.07815996
0.029739723,0.026394209,0.08166055,0.019625101,0.06495352,0.03577038,0.17464894,0.0670763,0.12578522,0.3743461
0.04153889,0.04861104,0.1951829,0.04149492,0.08313861,0.040944632,0.21001254,0.06359012,0.055477567,0.2200087
0.042993605,0.037906732,0.1789238,0.033334836,0.07457794,0.050546683,0.14534582,0.07281456,0.0980844,0.26547155
0.033535697,0.03636274,0.20570756,0.035904974,0.07056218,0.18434556,0.060421605,0.12376796,0.14210857,0.10728314
0.04760132,0.046061922,0.29588968,0.048379045,0.074377686,0.07900319,0.095221296,0.13815926,0.063613236,0.11169335
0.05065847,0.039686758,0.3129497,0.04321186,0.06901184,0.07798726,0.07860022,0.13435987,0.08521479,0.10831918
0.05177554,0.05791528,0.3085775,0.062708244,0.06373661,0.09266666,0.0708782,0.127322,0.08297079,0.08144912
0.051611405,0.054475527,0.28514114,0.05560941,0.06347391,0.07237567,0.09170715,0.13458778,0.07148638,0.11953162
0.04979937,0.04179721,0.19434687,0.042573202,0.08434166,0.04420896,0.15303165,0.16078386,0.06873722,0.16037999
0.051802583,0.040191002,0.21996988,0.04129176,0.07881704,0.051475316,0.12848604,0.15223655,0.07938097,0.15634887
0.05203002,0.050619744,0.13357197,0.050286565,0.06910176,0.026745977,0.21819602,0.15537845,0.05365967,0.19040976
0.051368807,0.047044884,0.24857353,0.050002802,0.06908314,0.07042699,0.098115146,0.14967906,0.085320845,0.13038479
0.04710873,0.06561407,0.16637354,0.059902914,0.06516363,0.08244783,0.10517192,0.1546774,0.088643,0.16489698
0.03882154,0.051883932,0.12695685,0.047424316,0.07885447,0.08368896,0.13104111,0.14878234,0.10223587,0.1903107
0.042641483,0.06952086,0.13876066,0.066908844,0.057804424,0.057170637,0.13946024,0.15633644,0.05417964,0.21721673
0.051251195,0.057867836,0.17247033,0.057088573,0.06516634,0.04858569,0.14715031,0.15225324,0.077565394,0.17060108
0.044269715,0.06778167,0.18705752,0.06532588,0.071647435,0.09211819,0.11421454,0.14981674,0.07430593,0.1334624
0.047467563,0.057857297,0.2119901,0.054417405,0.079069026,0.10396037,0.10248147,0.13261902,0.09043284,0.11970485
0.04343795,0.07470761,0.10756016,0.07203689,0.12566416,0.16309883,0.13437624,0.110744424,0.08419374,0.08417993
0.042329263,0.07584845,0.13277449,0.07326858,0.073064126,0.14112931,0.1192168,0.10851799,0.06702946,0.1668215
0.04106964,0.078373745,0.11678627,0.07893608,0.084464386,0.20596337,0.104313575,0.09350222,0.06297098,0.13361974
0.035594296,0.06472802,0.129336,0.06223361,0.0930214,0.20216231,0.11123109,0.10453996,0.0837342,0.11341914
0.051820528,0.0836606,0.10912955,0.08322254,0.077948615,0.08378761,0.18408547,0.10863272,0.05580905,0.16190335
0.046323627,0.053658877,0.10832955,0.055810064,0.12517017,0.17855985,0.13697833,0.09727429,0.10123686,0.096658364
0.045695473,0.08923764,0.092948526,0.087240584,0.07624223,0.07824617,0.21913001,0.1109844,0.04652975,0.15374522
0.041255437,0.06871801,0.08756196,0.0644723,0.058203105,0.038226146,0.25464222,0.13003705,0.041282307,0.21560144
0.047205847,0.06175724,0.11907597,0.05971748,0.064183235,0.036623627,0.19344594,0.14758314,0.060677547,0.20972988
0.050530598,0.051541414,0.15808333,0.04956779,0.073453754,0.055078864,0.13641137,0.1478787,0.102864325,0.17458983
0.052750107,0.041021906,0.22562227,0.043164454,0.071173675,0.067846775,0.103163585,0.14533879,0.09717157,0.15274687
0.05549073,0.044390887,0.2295025,0.046560854,0.073329166,0.049812835,0.12541346,0.15487503,0.07855236,0.1420722
0.05025186,0.041512452,0.24221344,0.04569428,0.074215285,0.059036046,0.11817734,0.15316613,0.06168679,0.15404643
0.046534173,0.057100277,0.15480556,0.0591195,0.06570732,0.08102054,0.12226103,0.14638002,0.10008247,0.1669892
0.04997132,0.07791567,0.15854,0.08451514,0.062252574,0.08458112,0.120220274,0.1445145,0.09140176,0.12608762
0.03548847,0.06699992,0.17574209,0.0636398,0.12870419,0.1052571,0.06646161,0.07961047,0.052252717,0.2258436
0.03479458,0.07568533,0.13853922,0.07329052,0.1169814,0.10119239,0.07494285,0.0854047,0.052801743,0.24636723
0.037392564,0.094914004,0.08162428,0.10120528,0.10991095,0.11449989,0.0956294,0.0945348,0.0666767,0.20361216
0.033324845,0.099303916,0.08710011,0.107876755,0.10316106,0.12477775,0.09179312,0.08465937,0.06411463,0.20388842
0.035438504,0.070460975,0.10219571,0.07335955,0.12312576,0.120877005,0.08755333,0.08098344,0.07968971,0.22631605
0.0316957,0.07066365,0.09132044,0.08019558,0.09789249,0.1154439,0.11072607,0.07582865,0.05525692,0.27097666
0.033458073,0.055843756,0.11049108,0.06329586,0.11507743,0.11114662,0.11048939,0.07290633,0.06874884,0.2585426
0.03570138,0.07326995,0.1332291,0.07667994,0.14550081,0.11642702,0.08391763,0.060828645,0.12264654,0.151799
0.03501413,0.08346632,0.14981851,0.09081143,0.12952945,0.1220158,0.093886755,0.05645516,0.08769603,0.15130642
0.034532033,0.07241463,0.12710811,0.072540425,0.21547377,0.06593859,0.070409596,0.041961383,0.22723825,0.072383195
0.036853906,0.08616291,0.108499266,0.09257151,0.1396835,0.116528004,0.07199414,0.07191722,0.10273041,0.17305914
0.023306185,0.057193924,0.0892826,0.056622352,0.22946294,0.041329525,0.05053016,0.024042564,0.35914668,0.06908306
0.02674546,0.065959714,0.104182616,0.07193269,0.19852176,0.057449654,0.07248239,0.030430084,0.27812755,0.09416807
0.025965946,0.050397865,0.1242906,0.057636105,0.10865981,0.10445432,0.07585554,0.03485461,0.16659136,0.25129387
0.031497404,0.060564075,0.10608189,0.07460138,0.11357908,0.12892914,0.13438502,0.06345862,0.073059045,0.21384436
0.029786984,0.046832778,0.08405658,0.057734784,0.0920238,0.102147065,0.14126271,0.083338685,0.04824538,0.31457123
0.029136445,0.056798004,0.095588416,0.06175673,0.08684485,0.15534474,0.08348021,0.06491654,0.062220264,0.30391377
0.03383102,0.104831725,0.10109017,0.113957934,0.1411877,0.122173235,0.08279266,0.07312558,0.10758524,0.11942478
0.036496166,0.103123575,0.11727714,0.11030995,0.11857608,0.13795768,0.07356121,0.084752016,0.0783041,0.139642
0.034768786,0.11783411,0.098594345,0.12551133,0.119814664,0.13838136,0.065039754,0.08139989,0.08204902,0.13660678
0.03596949,0.09783623,0.11561349,0.10303911,0.119302996,0.14191456,0.07615947,0.08413815,0.07477699,0.15124954
0.033740163,0.12778835,0.10456292,0.13151658,0.10467258,0.15057574,0.057507418,0.0889269,0.06508001,0.13562937
0.03427599,0.10004566,0.14069682,0.10990941,0.10597779,0.14860164,0.088813394,0.0716777,0.06277132,0.13723035
0.032801542,0.06386903,0.14664139,0.06546502,0.20204619,0.07045919,0.0773331,0.038059395,0.23417643,0.06914867
0.034681242,0.06498522,0.14311759,0.06723038,0.14827684,0.11710121,0.10685652,0.05935586,0.12883823,0.12955692
0.031857494,0.0521959,0.14213622,0.056272857,0.13480946,0.12151293,0.10285356,0.048131205,0.13631573,0.17391463
0.03213751,0.042657614,0.11150068,0.050513163,0.11143865,0.117233954,0.13135532,0.07417222,0.073114395,0.25587642
0.033730615,0.047176193,0.13297735,0.052920215,0.112623185,0.14308171,0.10644399,0.066700496,0.078853115,0.22549313
0.032303263,0.0706267,0.11554423,0.07330544,0.14343768,0.12359723,0.10204742,0.07795599,0.10364786,0.15753424
0.031272687,0.06674256,0.11942515,0.0715516,0.10286472,0.13572255,0.08972025,0.08380347,0.057395663,0.24150132
0.04615414,0.06077104,0.068845116,0.060285237,0.04643182,0.19433826,0.030532256,0.26660788,0.07783464,0.14819959
0.048263073,0.052466635,0.08627792,0.057079487,0.04626558,0.19411303,0.031363614,0.24216516,0.07272155,0.16928393
0.115266696,0.06872109,0.13294764,0.06369169,0.07648863,0.15654118,0.047739208,0.17760497,0.10876216,0.052236717
0.12274943,0.074379995,0.13329916,0.065860584,0.09084183,0.13937889,0.055554826,0.16761899,0.12028626,0.030030018
0.13202019,0.06803704,0.12577066,0.061332002,0.05994528,0.15306698,0.056818645,0.18853943,0.100448735,0.05402106
0.16557078,0.07682791,0.08617745,0.07810168,0.08014708,0.12276926,0.06909369,0.16003597,0.12695514,0.03432108
0.11657552,0.080155015,0.09992897,0.08237124,0.056441534,0.13118802,0.06423752,0.1726102,0.09244055,0.10405146
0.09759247,0.055361364,0.12717034,0.055906862,0.06485263,0.1383011,0.0530265,0.21695128,0.093813,0.09702446
0.058961786,0.036329973,0.11096245,0.04111491,0.054536708,0.15256315,0.039862096,0.19694373,0.0622737,0.24645154
0.06084385,0.06326234,0.11007948,0.07069654,0.07719493,0.16532312,0.04002418,0.19529857,0.089645095,0.12763186
0.08186248,0.06272461,0.11511757,0.061031412,0.062306754,0.16841857,0.03427986,0.24823695,0.08829886,0.077722825
0.055310167,0.07613833,0.088656105,0.087356046,0.06380362,0.15666129,0.037864443,0.23071095,0.10060275,0.10289625
0.06491974,0.04808325,0.13134444,0.049076915,0.049082216,0.18994074,0.029675208,0.244071,0.06978619,0.124020346
0.031812903,0.06212468,0.054901164,0.06533113,0.038943548,0.21460783,0.027513007,0.17191958,0.058111865,0.2747343
0.05101679,0.042336322,0.10545495,0.042452894,0.046623737,0.2084961,0.027444735,0.22118674,0.06383969,0.19114807
0.065635994,0.041300744,0.14860374,0.040211704,0.05063145,0.21275997,0.029337734,0.19251852,0.069704846,0.14929529
0.069676094,0.04252934,0.15709004,0.038640626,0.052143235,0.21263343,0.029699277,0.18577427,0.077486575,0.13432716
0.051848702,0.046464622,0.09939098,0.04747651,0.041781165,0.20875505,0.027558649,0.20681836,0.06120763,0.20869824
0.07719091,0.054464873,0.11176372,0.0551179,0.058618333,0.16775054,0.040654454,0.23392107,0.08791524,0.11260287
0.062681854,0.0521502,0.13454624,0.058519956,0.054923307,0.16915555,0.038937423,0.19075178,0.07226481,0.16606885
0.044892028,0.03362691,0.06078278,0.036966573,0.039679393,0.14510801,0.03434773,0.25374937,0.058298167,0.29254907
0.06469238,0.049572,0.07397055,0.046647023,0.07093284,0.15856929,0.038611807,0.312784,0.092718445,0.09150168
0.09233419,0.07406482,0.091548696,0.0758299,0.06453514,0.1493749,0.046558306,0.22936903,0.09916622,0.07721882
0.0713711,0.06121304,0.07256446,0.06118787,0.04886177,0.14633982,0.047854934,0.25811037,0.08601657,0.14648004
0.087744474,0.073723815,0.061391238,0.07298199,0.05051254,0.14374116,0.050822992,0.24164051,0.092922226,0.12451916
0.108080596,0.07559744,0.07145118,0.073944606,0.047843207,0.13531621,0.051465362,0.2406184,0.094555266,0.1011278
0.11582945,0.08993422,0.05906934,0.08660137,0.06690395,0.12724215,0.055210873,0.2231499,0.1175881,0.05847066
0.10871762,0.07144517,0.08647236,0.076268494,0.06980497,0.12950072,0.06704028,0.20068215,0.09700478,0.09306346
0.15016307,0.078526884,0.09750707,0.08185151,0.06178426,0.12397702,0.06543067,0.16279593,0.10046371,0.07749985
0.13925943,0.08184383,0.110148355,0.09134993,0.07073562,0.11929919,0.061651394,0.16742107,0.097990245,0.060300913
0.06990688,0.08361506,0.032875616,0.087913424,0.14300238,0.142152,0.1105565,0.15458615,0.065931834,0.109460175
0.07049477,0.11219698,0.029938595,0.1078567,0.15186585,0.10553457,0.07096471,0.18240495,0.056472223,0.1122707
0.07912041,0.090097345,0.030225722,0.0809284,0.17212178,0.12482699,0.07278194,0.1577601,0.067041494,0.12509586
0.08799228,0.075654805,0.04365888,0.06810487,0.18889478,0.08717309,0.07655831,0.18178168,0.063829556,0.12635173
0.083277434,0.06436862,0.08636792,0.055335566,0.24487984,0.08562742,0.055315148,0.13856877,0.0668275,0.11943181
0.061523326,0.068008356,0.045390006,0.050548896,0.17711955,0.12906687,0.043806322,0.15544927,0.07578468,0.19330274
0.055415384,0.10015831,0.04098181,0.082771495,0.13841595,0.14452164,0.04116905,0.16080809,0.065874144,0.16988413
0.041633546,0.12716481,0.018632289,0.10655693,0.14523458,0.19848388,0.043557275,0.13083793,0.07682986,0.11106888
0.05088529,0.11794231,0.03490788,0.10140853,0.12855314,0.15862212,0.03690946,0.15402691,0.06714644,0.14959793
0.060142506,0.1083044,0.022293087,0.09143456,0.14160961,0.13571812,0.0454905,0.16376208,0.07054685,0.16069825
0.0837927,0.091072656,0.01812374,0.07891582,0.14928207,0.124292925,0.07032583,0.17479548,0.06784552,0.1415532
0.098690234,0.068809375,0.046961844,0.06399833,0.1561624,0.10211491,0.07572282,0.17466852,0.072865516,0.1400061
0.094337285,0.067920655,0.040843964,0.056628067,0.16899665,0.11159448,0.07479515,0.16242011,0.07834259,0.14412105
0.076230735,0.0985812,0.028020477,0.095728226,0.14194767,0.118575074,0.079005145,0.16903934,0.06465645,0.12821569
0.08766456,0.09107595,0.048375644,0.08638695,0.14390214,0.1003232,0.09345837,0.17960441,0.0669902,0.10221859
0.09686119,0.046831805,0.07303158,0.042811535,0.14507715,0.10127713,0.08318726,0.16369453,0.078646876,0.16858095
0.1063106,0.043604705,0.059163842,0.04201687,0.12251492,0.09645269,0.10083239,0.1775496,0.07667135,0.17488302
0.07439727,0.05882908,0.13550264,0.046068963,0.25508127,0.06821178,0.042594902,0.14055802,0.05612081,0.122635275
0.06428914,0.054025814,0.078693196,0.037109226,0.18636015,0.10464913,0.038482435,0.16041744,0.07058263,0.20539095
0.06640661,0.06438064,0.15310901,0.047342073,0.22539923,0.07984841,0.052493554,0.14723998,0.0646472,0.099133305
0.047290187,0.084235184,0.1297514,0.06332181,0.18416779,0.10221356,0.03213919,0.15725492,0.054466892,0.1451591
0.055440888,0.0641313,0.1242875,0.049489148,0.13578136,0.16224201,0.07032753,0.14307477,0.08652255,0.10870284
0.05722836,0.08041252,0.23131038,0.081359625,0.12887254,0.09801773,0.04748241,0.13356446,0.04730468,0.09444725
0.062159587,0.06946886,0.20038538,0.06278122,0.14046112,0.0922008,0.04791665,0.145331,0.052391365,0.12690407
0.07564982,0.055910558,0.08041485,0.047832374,0.16647531,0.08526509,0.049287423,0.18804412,0.060947984,0.19017251
0.06719771,0.05051554,0.06525194,0.043561187,0.19978668,0.06456755,0.048998754,0.20601088,0.056423526,0.19768624
0.04871508,0.074096486,0.09797709,0.049257483,0.16047469,0.0997259,0.03659039,0.17011023,0.06656195,0.19649075
0.060999822,0.11168595,0.017235303,0.09835243,0.13401815,0.11393956,0.052855495,0.20338221,0.054873794,0.15265727
0.0579087,0.12345464,0.019437619,0.10586147,0.13652274,0.08744536,0.04588794,0.21712933,0.050871912,0.15548024
0.05283229,0.123081066,0.046171576,0.09398112,0.1721326,0.06207272,0.04278032,0.2242646,0.04555603,0.13712758
0.076687135,0.054040734,0.12838253,0.054390006,0.21096064,0.0928444,0.12999332,0.062240615,0.112137645,0.07832292
0.08662105,0.048773333,0.15130834,0.05137142,0.22003925,0.07345009,0.12523997,0.06490024,0.102803506,0.075492784
0.069508724,0.035339385,0.3056602,0.039037157,0.24919523,0.05083312,0.053400695,0.037956823,0.0949139,0.06415482
0.059547886,0.040682856,0.31679127,0.046398323,0.20527703,0.06676591,0.04830771,0.04211017,0.10423723,0.06988165
0.057732068,0.04081583,0.33937865,0.04426747,0.20836076,0.080192246,0.04889387,0.038126286,0.0828578,0.05937511
0.061932515,0.06186316,0.1483083,0.06110371,0.20992622,0.101949155,0.10237522,0.054046545,0.13759744,0.060897756
0.074395046,0.046467043,0.18505132,0.049881376,0.24290878,0.05707093,0.071765095,0.055855583,0.13272277,0.083882116
0.07003222,0.04647599,0.18251584,0.05199034,0.21697699,0.07512161,0.07985857,0.053532798,0.14068654,0.08280914
0.061273944,0.06309184,0.20166725,0.069523,0.16997366,0.08833344,0.08977228,0.05437008,0.14039302,0.061601453
0.06688942,0.059222635,0.17726077,0.065007895,0.20241208,0.055755775,0.069837034,0.054904737,0.17934158,0.06936803
0.06891621,0.056627676,0.18322653,0.0627239,0.18396893,0.07266958,0.07811946,0.06263341,0.14619066,0.084923655
0.06463695,0.084065355,0.096056394,0.0866741,0.167972,0.05456676,0.072495885,0.06252454,0.23284934,0.078158654
0.06891479,0.07662393,0.09018911,0.079185076,0.17978576,0.05299985,0.078870416,0.06948564,0.20501098,0.0989344
0.071023054,0.07266864,0.096242286,0.076475166,0.1849523,0.04601412,0.08787761,0.067464165,0.21518649,0.08209612
0.068449356,0.07257578,0.106037855,0.07326778,0.21207234,0.046481673,0.08507755,0.06140142,0.20700076,0.06763542
0.06205738,0.08807356,0.10314425,0.079576574,0.15256672,0.1258139,0.11599911,0.07630027,0.12685505,0.06961317
0.05737528,0.09061275,0.062441576,0.08383617,0.14165093,0.17782354,0.16902836,0.057994675,0.10868794,0.05054884
0.056435455,0.09383063,0.13710733,0.084406726,0.14845541,0.1300518,0.111970305,0.072579764,0.10652911,0.058633536
0.055235226,0.07857535,0.07495261,0.073953494,0.14804244,0.19823779,0.18238577,0.057048164,0.079844855,0.051724277
0.056206886,0.08889977,0.098725796,0.08313306,0.16208364,0.16517028,0.15158194,0.05918586,0.084959686,0.050053094
0.051695947,0.09725679,0.07763586,0.0895059,0.14441244,0.16566376,0.1602157,0.061037898,0.099313006,0.053262662
0.057974428,0.10087431,0.1268221,0.092646696,0.15721603,0.10086614,0.113124326,0.069199376,0.1251691,0.056107543
0.05874003,0.076149374,0.15789536,0.06909262,0.24934112,0.05584092,0.061242323,0.05200964,0.14857733,0.07111126
0.07065161,0.07521849,0.070840105,0.072171815,0.1887296,0.13713278,0.13633737,0.067191646,0.10937058,0.07235598
0.05710367,0.07078355,0.17214388,0.06981475,0.20253615,0.08133549,0.083375946,0.054979876,0.14234382,0.065582916
0.06698446,0.07878502,0.13101354,0.08269574,0.15337235,0.07386341,0.09626435,0.07208416,0.16908327,0.07585371
0.057327446,0.068310976,0.19405277,0.06883531,0.21107318,0.06579434,0.067723535,0.049130403,0.15963502,0.058117043
0.063046746,0.05910232,0.19279431,0.06259751,0.22380856,0.032247577,0.049176842,0.052513156,0.15650451,0.1082086
0.06316398,0.054018322,0.2214351,0.057441708,0.24003278,0.030318942,0.042574394,0.04480285,0.15364034,0.09257164
0.0692381,0.05318024,0.18641302,0.060748685,0.2019419,0.03995933,0.051574457,0.05090997,0.16815361,0.117880724
0.04022574,0.16710252,0.0791755,0.18485145,0.026356151,0.069512464,0.112193994,0.06961136,0.054162595,0.19680813
0.055294234,0.14394177,0.11876666,0.1687511,0.030303784,0.08529865,0.07171101,0.074006006,0.06909222,0.18283454
0.07007434,0.16818301,0.07831827,0.15247954,0.05453423,0.0560027,0.09115642,0.10843206,0.1421105,0.07870894
0.08554567,0.123958826,0.15059564,0.13704918,0.04011209,0.083903864,0.07056941,0.09472565,0.086995654,0.12654403
0.08552772,0.13621104,0.10667879,0.13276884,0.042039864,0.060196254,0.11613964,0.12645997,0.089546375,0.104431495
0.072386615,0.13664286,0.11718141,0.14436913,0.035344973,0.06500731,0.11098575,0.1053428,0.070052005,0.14268714
0.06070491,0.1653257,0.08163355,0.18403876,0.027703961,0.07288806,0.098533675,0.091128714,0.063905,0.15413767
0.107182495,0.16451116,0.062211923,0.15493779,0.043690853,0.076431945,0.10314936,0.11577327,0.10610829,0.066002905
0.140133,0.09368903,0.09866066,0.10677967,0.041182213,0.09608663,0.10345779,0.13688071,0.074949674,0.10818051
0.15566397,0.07376705,0.075879924,0.06793268,0.084880054,0.0720385,0.102095544,0.14990616,0.15987834,0.05795778
0.11063743,0.10453105,0.0729709,0.10919736,0.03591232,0.075114585,0.15293702,0.15452017,0.080447465,0.10373167
0.096332625,0.06330743,0.11172334,0.06762946,0.04516155,0.049445726,0.15215236,0.1958165,0.107589334,0.11084167
0.09997128,0.03752918,0.13451533,0.04342757,0.060110454,0.049002696,0.112293966,0.1936132,0.14909996,0.12043636
0.20541224,0.043669403,0.113951296,0.04453305,0.09319856,0.087563254,0.08114309,0.12181683,0.17098767,0.03772455
0.14583428,0.03211249,0.13899553,0.030806,0.103286795,0.05278576,0.05919735,0.1261652,0.28164887,0.029167768
0.10043631,0.023722976,0.10083359,0.0219071,0.15535495,0.045736916,0.04964525,0.07594392,0.4011582,0.025260746
0.07619755,0.030454224,0.09575371,0.030772138,0.06577489,0.030678637,0.1594756,0.23762375,0.18920444,0.08406503
0.13536537,0.029561374,0.12873423,0.03177337,0.07622759,0.062029622,0.09138986,0.17332473,0.18633598,0.08525788
0.14513782,0.041940708,0.11848033,0.042476777,0.075825796,0.05919236,0.09630663,0.17077173,0.1965329,0.053334866
0.13882744,0.031897057,0.12316831,0.031872734,0.08556678,0.048978567,0.079617284,0.16172431,0.25203022,0.046317324
0.2457224,0.055733513,0.1278258,0.05499299,0.048497967,0.09306986,0.09777013,0.1287321,0.11343208,0.034223113
0.23656273,0.059697777,0.11059014,0.058104523,0.06137779,0.09086844,0.08658703,0.12401417,0.1357617,0.036435712
0.1929822,0.064494096,0.13899721,0.07615698,0.048728958,0.10598227,0.07543531,0.12316831,0.103820264,0.07023438
0.14379989,0.08874271,0.12578696,0.111819744,0.038741093,0.14541009,0.07117918,0.093873404,0.07415373,0.10649329
0.08603736,0.12631574,0.14562827,0.15430056,0.029530657,0.09892501,0.07494946,0.08861111,0.07903835,0.116663486
0.11768899,0.09391738,0.17016478,0.105975024,0.033650957,0.08957178,0.087925576,0.11703908,0.09501579,0.08905072
0.1245046,0.071595475,0.18217397,0.08182105,0.041843493,0.085447885,0.076066904,0.12879734,0.12094109,0.08680819
0.11803724,0.060028695,0.1880064,0.07097614,0.039452646,0.08582456,0.07911224,0.13723528,0.11432314,0.10700359
0.14947493,0.026999904,0.2127036,0.03034292,0.0654998,0.06402211,0.050671935,0.1335554,0.22184718,0.044882223
0.13378409,0.026075022,0.18062243,0.028106144,0.08464477,0.05408296,0.04383155,0.11667164,0.29989937,0.03228201
0.03969597,0.074116334,0.061928764,0.074763544,0.09896317,0.033727814,0.08681445,0.24424483,0.1624465,0.12329867
0.031343866,0.083644375,0.047831018,0.0818516,0.061744805,0.06715129,0.08130609,0.19704759,0.051324867,0.2967545
0.03530503,0.07463962,0.06200877,0.07124041,0.06823665,0.055688385,0.110738516,0.19770576,0.07200615,0.2524307
0.03425598,0.08249564,0.048030876,0.0749924,0.09490341,0.042804837,0.07856708,0.30695036,0.09875208,0.13824737
0.044070452,0.07840362,0.06669984,0.08066526,0.08303071,0.042159364,0.09620737,0.22596473,0.102865346,0.17993325
0.034100175,0.08370209,0.058588237,0.08586223,0.08561543,0.042752087,0.10898133,0.16261376,0.099857934,0.23792675
0.027817626,0.07734017,0.04224496,0.08228359,0.08180208,0.04407084,0.097777046,0.14065075,0.09927445,0.3067385
0.030335154,0.07005642,0.07149642,0.075609855,0.088803574,0.0337733,0.113649845,0.18460461,0.1122797,0.21939106
0.02828387,0.07765619,0.06012907,0.08023515,0.09399075,0.037745073,0.11660329,0.21174186,0.097188085,0.19642672
0.032455534,0.06374133,0.059863593,0.06762048,0.08165126,0.037487727,0.08257696,0.19520749,0.12438525,0.2550104
0.042582873,0.08458734,0.08372779,0.088138394,0.10180083,0.03496769,0.09080373,0.2102961,0.12437045,0.13872479
0.037623487,0.09239673,0.052385252,0.09141561,0.097629,0.045332447,0.079350494,0.27120924,0.08364404,0.14901374
0.039933905,0.075877085,0.05951238,0.075210504,0.09124144,0.040819738,0.07735993,0.25216344,0.11846277,0.16941886
0.035963513,0.06831779,0.0558269,0.06969621,0.095843315,0.032992005,0.07852302,0.25165552,0.15911408,0.15206756
0.034622584,0.062085137,0.07452314,0.06612553,0.08951425,0.029615233,0.08858957,0.19814375,0.15935901,0.19742188
0.03245549,0.077606745,0.0493667,0.079467654,0.10974546,0.033089038,0.086382255,0.28153133,0.13634562,0.11400971
0.035680395,0.07514755,0.056684744,0.076283984,0.10604225,0.032329623,0.07901345,0.24175248,0.16388458,0.13318089
0.04430506,0.075314954,0.061561044,0.07667911,0.0957862,0.036297444,0.080124214,0.21150336,0.15752773,0.16090088
0.04313656,0.0767965,0.08028717,0.07991005,0.089754865,0.03751422,0.095996,0.20291682,0.1292902,0.16439766
0.037832126,0.06317659,0.064106114,0.06694102,0.0875634,0.035080202,0.07890518,0.20754662,0.155224,0.20362476
0.0319369,0.068175875,0.0530042,0.07151938,0.11004956,0.030359428,0.07500451,0.24216262,0.18343186,0.13435565
0.03336109,0.09583562,0.06030525,0.09015919,0.12636094,0.040053118,0.09649755,0.19798747,0.16073962,0.09870016
0.030761426,0.066866554,0.05439796,0.06996038,0.10411578,0.029920217,0.08542837,0.2463759,0.17519385,0.1369795
0.024934607,0.05609182,0.0592459,0.058758948,0.073108494,0.036242533,0.14119455,0.15915671,0.114219695,0.27704677
0.036311496,0.06894134,0.0800538,0.07433965,0.10172444,0.028847614,0.10466424,0.1931568,0.1582782,0.15368247
0.04171532,0.074134685,0.07844951,0.077989146,0.096480444,0.031445395,0.087656416,0.21124108,0.16295947,0.13792852
0.035780597,0.05579867,0.07220976,0.05828324,0.085172966,0.031294014,0.07757108,0.1909731,0.1746861,0.21823043
0.03501036,0.06446934,0.07789841,0.05997146,0.080573395,0.0447484,0.082731806,0.20319135,0.118700586,0.23270497
0.038165677,0.0616618,0.1001041,0.06290508,0.09061342,0.031586666,0.11821084,0.18982962,0.13319091,0.1737319
0.051061567,0.061964713,0.09905971,0.057868753,0.075617716,0.042591836,0.08871842,0.2344838,0.12569483,0.16293868
0.077639334,0.051084336,0.10701951,0.047792424,0.12535664,0.10974872,0.08344962,0.12529753,0.1567037,0.115908265
0.090886556,0.065762386,0.1716309,0.055875003,0.14084831,0.07995718,0.06603713,0.13633339,0.12872642,0.06394269
0.069254175,0.04709791,0.06131468,0.04931766,0.09370816,0.11513358,0.12681478,0.121419504,0.18134318,0.13459633
0.043116916,0.05375807,0.08149435,0.04574895,0.14997925,0.061024547,0.1011686,0.18682173,0.16234708,0.11454048
0.05954323,0.044098556,0.10780341,0.04070282,0.20101145,0.07810536,0.0639271,0.10651407,0.14858715,0.14970687
0.06299416,0.033809017,0.0934262,0.032886796,0.17447568,0.08381645,0.06773257,0.10869006,0.16804548,0.17412357
0.05766808,0.037242632,0.10195303,0.038538903,0.19280565,0.06102317,0.07752729,0.13081306,0.14560188,0.15682635
0.06368273,0.043030214,0.11887908,0.042775318,0.15587893,0.06825229,0.073244214,0.13906875,0.15676251,0.13842592
0.070815675,0.04813864,0.16193293,0.04036475,0.15949853,0.085089386,0.04249123,0.10644728,0.15754409,0.12767749
0.04850447,0.04767625,0.06480012,0.04695081,0.11382087,0.101922415,0.08506549,0.1085456,0.20024976,0.18246423
0.070333205,0.05246554,0.113624215,0.049476966,0.14243412,0.08111118,0.07946919,0.13854393,0.15465102,0.11789055
0.08577956,0.05409674,0.12287735,0.050441597,0.15403205,0.07180661,0.08707432,0.14726013,0.14265954,0.0839721
0.0985047,0.042930987,0.16606067,0.044970363,0.14297667,0.07433695,0.063187554,0.117092825,0.14541139,0.10452788
0.10835413,0.051437516,0.12589784,0.0562324,0.099046364,0.08207805,0.08214455,0.11704032,0.17611042,0.10165843
0.12136377,0.047809046,0.17026891,0.050440345,0.1590817,0.06748148,0.05996668,0.10362429,0.13955267,0.080411114
0.10623016,0.05276386,0.14753515,0.05736742,0.13423137,0.07103966,0.06670359,0.10739016,0.15492462,0.101814054
0.096598774,0.050697118,0.16327187,0.0492096,0.12922637,0.083815664,0.061429754,0.11154269,0.15397577,0.10023234
0.09567315,0.05905574,0.18591015,0.05462216,0.11014645,0.08835144,0.053902633,0.1082966,0.14475833,0.0992834
0.03391841,0.053639594,0.03965691,0.048306882,0.10788883,0.17655233,0.14738746,0.11417598,0.1581501,0.12032352
0.04760022,0.050096955,0.058063712,0.047325827,0.117122136,0.10657613,0.095122844,0.11231325,0.19154543,0.17423356
0.06985355,0.045187563,0.11994679,0.04261023,0.17124172,0.079599485,0.06678528,0.122814685,0.15590093,0.12605982
0.06787654,0.053508986,0.12635846,0.048691396,0.18838543,0.07167851,0.06502731,0.11995672,0.14350341,0.1150132
0.055094317,0.058854397,0.07271595,0.051557947,0.13192087,0.09508213,0.090539,0.13522844,0.17297117,0.13603579
0.088552184,0.05839885,0.12700352,0.05461705,0.10722312,0.11399099,0.06679654,0.117415816,0.15680452,0.10919736
0.073259674,0.06254827,0.1424005,0.05166761,0.15412416,0.08842687,0.057899613,0.11996154,0.14459062,0.10512111
0.07207981,0.051479015,0.16336209,0.04542867,0.19974133,0.06443775,0.055026047,0.115300424,0.11983779,0.113307096
0.07771756,0.07029131,0.12989402,0.06065874,0.12489932,0.087574,0.057766397,0.107078485,0.13987862,0.14424148
0.0789584,0.08079911,0.15469393,0.06760813,0.122638084,0.079897426,0.05632914,0.11556166,0.13890614,0.10460797
0.08672303,0.06074941,0.196796,0.054287355,0.14329523,0.0805737,0.046503868,0.09742132,0.12891547,0.10473458
0.091406316,0.05804252,0.23610409,0.05455343,0.15451331,0.06658839,0.04230877,0.09245806,0.11102037,0.09300475
0.07355475,0.030719895,0.44585195,0.03932673,0.108223364,0.0418178,0.058730766,0.037831962,0.09397301,0.069969825
0.09029332,0.06464981,0.34056583,0.072796844,0.09239357,0.040020496,0.090575926,0.059184924,0.076369196,0.073150076
0.08663041,0.034588136,0.45248497,0.043560103,0.09262626,0.055451524,0.06004359,0.03702148,0.08592857,0.05166496
0.08090751,0.048124693,0.29832977,0.05544325,0.11392896,0.030752629,0.11858968,0.06549695,0.059491638,0.12893489
0.08752536,0.057682045,0.20547386,0.08023216,0.05708732,0.14646731,0.12067067,0.065199114,0.060633864,0.11902832
0.08712736,0.060044862,0.21734114,0.08556729,0.05060303,0.17924431,0.102460966,0.060266547,0.056534093,0.1008104
0.083029956,0.060392015,0.23074086,0.07872751,0.10735864,0.06466387,0.11582348,0.05943996,0.051892772,0.1479309
0.07592427,0.071677126,0.16712894,0.08757513,0.08568992,0.05867065,0.15173864,0.08398936,0.052508935,0.16509706
0.070411064,0.09321414,0.16856013,0.11232877,0.04654522,0.22448431,0.09348068,0.067470565,0.039585683,0.083919495
0.06864878,0.08702172,0.15217541,0.101714104,0.052087765,0.23421359,0.10357785,0.08478486,0.047574125,0.06820184
0.07522626,0.075687684,0.17179857,0.08648099,0.05076132,0.23787571,0.10036551,0.08999832,0.059826583,0.05197914
0.08093613,0.11814549,0.14238983,0.11431844,0.058875263,0.12192018,0.11796712,0.109231725,0.07581959,0.06039619
0.08510977,0.073633716,0.1716991,0.0792235,0.09682304,0.05508026,0.14835873,0.103200786,0.077957086,0.108914
0.070168644,0.0765542,0.09461418,0.087691635,0.0746033,0.049041335,0.1742828,0.12378369,0.08705162,0.16220854
0.07944346,0.06282284,0.12647189,0.07512538,0.08526208,0.059426416,0.15311992,0.11203755,0.10525822,0.14103225
0.081413895,0.066330336,0.1635184,0.08000168,0.11182807,0.042985,0.13294521,0.08624628,0.10742346,0.12730767
0.085701786,0.05505787,0.2091207,0.07069396,0.11819745,0.04693975,0.11417618,0.07192714,0.1123759,0.11580932
0.10083535,0.061043367,0.20835657,0.0789306,0.05591481,0.082071714,0.11692148,0.0812544,0.15511835,0.05955333
0.08029915,0.041701537,0.36878306,0.054101106,0.0753586,0.04237167,0.06553945,0.040945288,0.17833655,0.052563626
0.08360666,0.056266025,0.29029173,0.071341,0.12252133,0.039137747,0.08513829,0.048816323,0.13421388,0.06866696
0.065254726,0.07470513,0.16296773,0.09240393,0.141057,0.03334326,0.13288191,0.047136012,0.12881152,0.12143879
0.0746644,0.056705505,0.17878549,0.080827266,0.10726513,0.061389416,0.11133919,0.057919122,0.14981614,0.12128835
0.097936444,0.0571416,0.27285054,0.073647685,0.0823719,0.09558955,0.09159735,0.053158637,0.12362422,0.05208204
0.060386155,0.045875784,0.26916245,0.058035493,0.12398984,0.028481465,0.08393352,0.04230204,0.18731485,0.100518405
0.06953928,0.03704825,0.3486342,0.04304244,0.12433516,0.026582003,0.085812055,0.060561433,0.09581701,0.10862813
0.065116435,0.026032997,0.36564374,0.035561983,0.11296981,0.04377802,0.073469475,0.054592133,0.111537375,0.11129814
0.08460483,0.040910907,0.40840662,0.053597864,0.05709466,0.16302703,0.056473743,0.03583555,0.05967412,0.04037465
0.09201039,0.05552152,0.2661292,0.07166534,0.062751636,0.19968426,0.073577955,0.06054495,0.067499146,0.050615612
0.08430144,0.040499058,0.24054761,0.0627947,0.07744423,0.12672783,0.097039245,0.06902789,0.09891807,0.10269998
0.06475082,0.054664332,0.19149555,0.06560549,0.11257575,0.02825397,0.13292345,0.08117238,0.09405496,0.17450337
0.07132936,0.08018883,0.060839403,0.08192024,0.057135753,0.061990973,0.0643703,0.18278502,0.08157318,0.25786692
0.06837948,0.0684355,0.0745371,0.07225445,0.046562105,0.053275097,0.057837665,0.18184142,0.12368925,0.25318795
0.06777562,0.06923889,0.057695765,0.0674373,0.048969086,0.046581104,0.07143575,0.18273601,0.12642273,0.2617077
0.07294944,0.0784725,0.09306435,0.08134334,0.06646462,0.08468823,0.05691159,0.1905736,0.093875475,0.18165687
0.078203425,0.0878025,0.06794693,0.087385796,0.06756349,0.058271047,0.079882056,0.14365701,0.09400677,0.23528089
0.072435215,0.0742857,0.07529256,0.065850265,0.07306915,0.05105552,0.07752357,0.15395983,0.1427496,0.2137786
0.072699025,0.07762495,0.07742464,0.07069884,0.07179809,0.049975913,0.081793,0.12583362,0.15263788,0.21951407
0.072854124,0.0741734,0.08587286,0.06639888,0.0741769,0.05184908,0.08127568,0.11714487,0.15797488,0.21827939
0.07523887,0.07435073,0.08614959,0.06701871,0.067665115,0.050647724,0.08114482,0.11990541,0.16299394,0.21488507
0.07749901,0.0699104,0.08751818,0.06821726,0.055950366,0.054469023,0.0641878,0.15973045,0.13883902,0.22367841
0.06847745,0.068305165,0.10016713,0.07261656,0.041403495,0.05887725,0.050309267,0.1548346,0.1855958,0.19941327
0.070962526,0.09126738,0.058670767,0.08934743,0.04613194,0.04989799,0.06600124,0.1808293,0.12951504,0.21737637
0.06258737,0.09061269,0.07337372,0.09810243,0.05118079,0.08085509,0.051014178,0.19333957,0.10886112,0.190073
0.06023802,0.10020671,0.06921416,0.11523271,0.048649363,0.08016118,0.044047896,0.18530701,0.08209942,0.21484351
0.05638581,0.092475764,0.061330058,0.09627561,0.06845909,0.09278285,0.045092862,0.20054191,0.07125235,0.21540375
0.07366094,0.100111015,0.08619636,0.10199564,0.07853683,0.11759013,0.04963297,0.15703695,0.053910207,0.18132898
0.08104434,0.07393284,0.070594735,0.074094675,0.06483414,0.075269856,0.057873838,0.20299058,0.081936814,0.21742825
0.05697685,0.0745559,0.054096207,0.084869236,0.04500532,0.07064632,0.05086012,0.21304946,0.09160099,0.2583397
0.06787771,0.069069475,0.052225266,0.07034242,0.042369768,0.046084177,0.06984826,0.20335801,0.11383334,0.26499152
0.07792984,0.07914319,0.07276307,0.08320193,0.054983184,0.072534606,0.056500502,0.19645403,0.08672854,0.21976115
0.06244955,0.11793958,0.085162856,0.12226511,0.063801296,0.12684973,0.046747826,0.13913928,0.05435319,0.1812916
0.048137464,0.1517131,0.06423378,0.15396582,0.047268827,0.13963085,0.06397116,0.09415822,0.04382318,0.19309759
0.052933987,0.13369238,0.07385507,0.14070415,0.048661,0.12221672,0.054322463,0.11122298,0.049547825,0.2128434
0.05272843,0.13880698,0.07751461,0.13857794,0.06591898,0.12697595,0.05326451,0.09911285,0.042943582,0.20415613
0.04842318,0.12052724,0.06442589,0.13746016,0.049447063,0.10079087,0.057815608,0.11299941,0.050655935,0.2574547
0.050308853,0.1296207,0.0720461,0.14356348,0.05699983,0.12194887,0.0473994,0.10645617,0.050625447,0.2210312
0.058330443,0.11435573,0.09033803,0.11821498,0.076834776,0.13672772,0.052836064,0.110510305,0.058706082,0.18314585
0.06835684,0.099893756,0.10870831,0.106636226,0.07794398,0.12935998,0.056811493,0.08622941,0.056003794,0.21005633
0.057987265,0.10493368,0.07093235,0.10940799,0.06468981,0.10247232,0.066368334,0.10445146,0.05076052,0.2679963
0.04624505,0.17077067,0.06908979,0.17425078,0.056237232,0.13139407,0.051993508,0.08207556,0.03617707,0.18176624
0.073020145,0.10101624,0.08608316,0.07298221,0.06993978,0.106609814,0.14231522,0.12634914,0.09265085,0.12903342
0.06209739,0.10428248,0.09257782,0.06782687,0.07981797,0.13317609,0.10671977,0.12183852,0.099360794,0.13230225
0.05349567,0.0703195,0.07501518,0.052351054,0.05216199,0.10856943,0.09383117,0.21296248,0.106482,0.17481162
0.026090784,0.054898426,0.06971917,0.04170057,0.049908184,0.107807375,0.06254248,0.24877413,0.10902481,0.22953406
0.013952358,0.05097755,0.05957649,0.034566,0.05294655,0.077232994,0.07055558,0.2783271,0.09357721,0.26828808
0.02394959,0.052258622,0.068700016,0.03752194,0.045516443,0.0925849,0.06486066,0.27695018,0.11857504,0.21908265
0.04788738,0.06851914,0.09349226,0.04687235,0.05726194,0.11633574,0.08756712,0.21330865,0.1098102,0.15894526
0.03689354,0.061771043,0.061754845,0.04958921,0.03540131,0.09977866,0.08429948,0.23670544,0.12517008,0.20863643
0.03893636,0.06763337,0.08976952,0.044640098,0.062184256,0.09724207,0.08214003,0.2315308,0.098518044,0.18740554
0.02011659,0.076219015,0.056833915,0.043731127,0.045655772,0.10777935,0.07517155,0.22264041,0.16727142,0.18458092
0.017451746,0.04878721,0.07689647,0.033189278,0.071017966,0.10180557,0.056827225,0.25983015,0.081077844,0.2531166
0.0360547,0.05659754,0.1266977,0.035449825,0.09164266,0.15376256,0.07494315,0.20846015,0.10156169,0.114829995
0.019908154,0.05610504,0.1165506,0.03750766,0.11934968,0.16326241,0.073331535,0.16690004,0.078310594,0.16877425
0.017761573,0.04455284,0.1010004,0.030151013,0.081829615,0.10254803,0.059959006,0.258565,0.08406057,0.219572
0.03301998,0.05304837,0.10440239,0.036838487,0.065885425,0.11667075,0.06736816,0.24036655,0.108110815,0.17428902
0.015727362,0.05908706,0.082330994,0.039520156,0.10330959,0.1891803,0.09789494,0.16153868,0.08222667,0.1691842
0.011606303,0.058204424,0.06592569,0.039690766,0.09150104,0.13977733,0.080939844,0.17431225,0.07138385,0.2666585
0.013111005,0.06313384,0.06346043,0.038790725,0.083517,0.20792897,0.072461374,0.15669712,0.09532272,0.20557678
0.025615353,0.07904903,0.091647126,0.052923627,0.07887444,0.14431064,0.12206615,0.13370606,0.0885832,0.18322435
0.05488114,0.09260201,0.091065906,0.06288882,0.07556163,0.12964115,0.12165762,0.13135047,0.09523772,0.14511342
0.080607764,0.10230377,0.08106959,0.084966,0.063915834,0.103695154,0.14867584,0.11607999,0.080155365,0.13853073
0.06117177,0.0892751,0.08029154,0.068574645,0.06188948,0.09592877,0.15777153,0.14615998,0.07552625,0.16341095
0.01699265,0.06290502,0.05404451,0.04982102,0.06392883,0.057085264,0.19058743,0.16657233,0.04545517,0.29260767
0.03570388,0.090692505,0.085087456,0.0648608,0.07466395,0.112437405,0.17150389,0.119857565,0.078121364,0.16707115
0.037555642,0.08771117,0.085794136,0.06501477,0.069051936,0.09393178,0.15804173,0.14086324,0.06954299,0.19249262
0.05738366,0.08506352,0.10083022,0.05480529,0.08263304,0.14522979,0.11933222,0.1381017,0.10007069,0.11654991
0.014725354,0.055541143,0.06665169,0.038744606,0.07369681,0.111790635,0.09244254,0.20904502,0.075647466,0.26171473
0.016819924,0.06258333,0.07587048,0.04186921,0.08447597,0.13320541,0.09284054,0.18081395,0.07901288,0.23250826
0.020932963,0.065888606,0.07120502,0.0452266,0.06112003,0.13032664,0.12763871,0.19053583,0.09789788,0.1892277
0.056973815,0.06365783,0.094657786,0.0421533,0.05569339,0.124205664,0.083509915,0.22070329,0.11810902,0.14033602
0.104880214,0.09222825,0.13797979,0.104624815,0.13369064,0.068267494,0.043997478,0.11940041,0.1319833,0.06294762
0.15009667,0.08533214,0.17980875,0.09997988,0.117749296,0.06283986,0.033624407,0.11160961,0.06109039,0.09786899
0.1780771,0.107521184,0.14436345,0.12059687,0.09951787,0.054061107,0.039429497,0.1050373,0.068372905,0.08302279
0.090426,0.108913735,0.12337546,0.10437358,0.13199808,0.050515622,0.04922568,0.12242376,0.14851579,0.07023234
0.14086446,0.13340917,0.12525576,0.11870553,0.10103232,0.05157302,0.045158736,0.10359589,0.09641035,0.08399476
0.09143788,0.10615129,0.10427654,0.09906116,0.09942234,0.05763051,0.041402705,0.13264075,0.1270012,0.14097567
0.07320745,0.07920702,0.070277624,0.08334526,0.07582281,0.042423807,0.05239901,0.18824014,0.060108487,0.2749685
0.07994917,0.096156895,0.105389915,0.091375165,0.11689908,0.050778974,0.045165822,0.14332078,0.14893167,0.12203262
0.14317691,0.118760295,0.11536648,0.12922879,0.10106609,0.042035926,0.053570945,0.11338222,0.08199079,0.10142163
0.11980119,0.11557438,0.12247465,0.1143797,0.11132417,0.054341275,0.043205738,0.1081095,0.118786424,0.092002966
0.17078249,0.087942824,0.12874405,0.10148724,0.10179274,0.05524314,0.04637525,0.14159131,0.07129559,0.09474545
0.10069865,0.08949761,0.11825156,0.0859849,0.12809186,0.05889927,0.048461784,0.16343124,0.12280243,0.083880596
0.17715646,0.0966254,0.12158289,0.10708479,0.09340926,0.0517464,0.04728137,0.13204406,0.07245335,0.10061602
0.21836922,0.08049231,0.13386545,0.09920814,0.09844628,0.06440092,0.039444853,0.12175274,0.059347004,0.08467312
0.11442161,0.084186725,0.14107275,0.10412844,0.13268991,0.07629978,0.042320583,0.11634493,0.03952898,0.14900628
0.11498815,0.07831419,0.12921254,0.085818194,0.11488454,0.095274374,0.029682754,0.13272265,0.05580397,0.16329862
0.095573835,0.094763376,0.11214877,0.10251842,0.096750125,0.12087839,0.032298736,0.11289016,0.06547819,0.1667
0.117898986,0.094186775,0.1317685,0.09432201,0.088765785,0.09984461,0.03344083,0.12857306,0.083882116,0.12731735
0.12899359,0.09134273,0.12816063,0.095501885,0.09119283,0.07948517,0.04002401,0.14361805,0.08971629,0.111964874
0.15702437,0.102467455,0.13762343,0.09246933,0.09768528,0.063226126,0.043492507,0.13662927,0.08408033,0.08530188
0.12019169,0.10940984,0.119178474,0.0963828,0.11911191,0.049241967,0.061322827,0.1616564,0.10014539,0.06335865
0.12082693,0.108115755,0.081000924,0.12144323,0.08849498,0.05787904,0.06832442,0.1494853,0.04970237,0.15472706
0.09701145,0.092930496,0.10446563,0.09573764,0.114288144,0.09978296,0.038234323,0.14278342,0.0658131,0.14895289
0.19716695,0.0759032,0.14353697,0.09258448,0.10960183,0.07327468,0.03618009,0.121356525,0.06286568,0.08752961
0.15416399,0.08916535,0.15033047,0.10628246,0.14404158,0.049357157,0.055461574,0.11901466,0.05699363,0.0751892
0.11585312,0.08213948,0.15778494,0.08883868,0.15415852,0.070115864,0.035271168,0.1185564,0.08406951,0.09321232
0.1296551,0.11237818,0.12780431,0.120099984,0.118480206,0.055493545,0.046720233,0.11346318,0.10216899,0.07373634
0.105241925,0.116473876,0.10910889,0.12291871,0.122817464,0.0728789,0.039393563,0.074478246,0.1402224,0.09646609
0.13462219,0.13543065,0.11021317,0.14157411,0.101555035,0.06426707,0.055872146,0.07637653,0.08288216,0.09720696
0.11285113,0.1119857,0.115588926,0.117221385,0.106382765,0.10376531,0.03850687,0.07968283,0.10241952,0.11159556
0.104238935,0.050168138,0.22464874,0.05030541,0.15434094,0.06778657,0.09613424,0.09172814,0.045177974,0.11547095
0.09200811,0.059670385,0.20290223,0.06542511,0.14078115,0.070900045,0.110256135,0.09182836,0.062392797,0.10383561
0.0959652,0.059409287,0.18437192,0.07243616,0.10491744,0.058288135,0.121859536,0.103402734,0.08143463,0.11791488
0.10136843,0.0765787,0.14250423,0.07938109,0.1062434,0.056951754,0.1394058,0.10140549,0.08547099,0.11069013
0.10659204,0.06529022,0.0933079,0.0782838,0.082223676,0.024893487,0.2721504,0.1316463,0.041450057,0.10416216
0.10333235,0.07128508,0.11973234,0.070591256,0.10532961,0.05121177,0.15688822,0.12177664,0.07383532,0.1260175
0.10695151,0.047045115,0.2083442,0.05335425,0.14161256,0.06359577,0.10501304,0.10075401,0.059769355,0.1135602
0.11961074,0.04112229,0.21195692,0.04190655,0.16307901,0.053639613,0.100173004,0.10791463,0.03787328,0.12272397
0.119082145,0.040268704,0.19654468,0.04361685,0.17530355,0.0447949,0.11617357,0.12360997,0.030423157,0.11018238
0.13635908,0.03994912,0.19718024,0.044261415,0.19004309,0.037251316,0.11777223,0.12455126,0.023368662,0.08926359
0.11916675,0.040869497,0.17573309,0.045843385,0.2006202,0.03531285,0.13386242,0.13731799,0.021076666,0.090197206
0.098731324,0.043909308,0.20784643,0.052204505,0.16756722,0.040637318,0.14976823,0.12870495,0.027641714,0.08298911
0.09684007,0.032222286,0.27363798,0.039241582,0.1485801,0.050210398,0.09910591,0.107110694,0.04197687,0.11107411
0.10681448,0.030506935,0.3060381,0.040499948,0.1646048,0.039252203,0.096453555,0.09838372,0.03376627,0.08367999
0.11781111,0.030749949,0.24222101,0.041229412,0.17424785,0.02883371,0.14170949,0.123506725,0.02370293,0.07598781
0.12208475,0.027024785,0.26512432,0.03843976,0.1936621,0.024132984,0.12927802,0.11296656,0.019178646,0.06810814
0.12422596,0.03226149,0.24717414,0.04333776,0.15667932,0.03528031,0.13414036,0.1159458,0.029336011,0.08161881
0.09201321,0.034787416,0.24497722,0.04483965,0.14925043,0.042718958,0.13930865,0.12485709,0.034958515,0.09228886
0.13571,0.03324554,0.2189648,0.046115723,0.15756242,0.024412382,0.15948193,0.12511203,0.021712026,0.07768315
0.12971109,0.04319185,0.17096932,0.04678725,0.16504951,0.035554644,0.14420965,0.13632229,0.027485067,0.10071925
0.08994543,0.053117942,0.22779752,0.054224145,0.15055427,0.064360045,0.1160989,0.090075,0.0519943,0.10183245
0.11035632,0.05056808,0.22135288,0.049209747,0.15299991,0.060518477,0.11710712,0.088346414,0.042872466,0.10666853
0.11482427,0.043137513,0.1384671,0.04975942,0.12638289,0.026520561,0.24083988,0.1459441,0.022158196,0.091966175
0.10656474,0.030279847,0.16228211,0.044528034,0.118977785,0.0227709,0.25449842,0.16078816,0.020060295,0.07924971
0.13349372,0.034851428,0.23451217,0.042179503,0.13715857,0.037122138,0.14253901,0.1174702,0.028375324,0.09229795
0.11113193,0.044930045,0.21153167,0.04456527,0.16579036,0.06523345,0.082697324,0.09985528,0.045259036,0.12900558
0.117052875,0.04482343,0.22918123,0.047895767,0.16719879,0.049939483,0.10851194,0.101824835,0.03204082,0.10153086
0.11875691,0.045450248,0.22693753,0.045851264,0.15490569,0.04865722,0.12208258,0.09987245,0.032292508,0.10519353
0.13523841,0.034837164,0.21127325,0.04110861,0.14665762,0.034360405,0.15385659,0.12161661,0.023892462,0.0971588
0.14317036,0.03060603,0.17801438,0.041140907,0.15504265,0.029093415,0.16983986,0.13748893,0.019813722,0.09578983
0.048534013,0.03172678,0.056610253,0.02078883,0.055003196,0.075644925,0.08484713,0.11989332,0.2422263,0.26472524
0.053096674,0.039349392,0.05616017,0.028618675,0.049881116,0.07533722,0.14033744,0.11956549,0.13217714,0.30547664
0.06415846,0.041343324,0.11248127,0.035940647,0.08654155,0.06208304,0.123434685,0.12509027,0.15983036,0.1890964
0.039766844,0.02693195,0.118175715,0.026342375,0.112509415,0.06600941,0.11705932,0.14572999,0.27985936,0.06761561
0.059445288,0.0386665,0.060622297,0.027620547,0.050435312,0.06543726,0.11366616,0.111537546,0.33204278,0.14052635
0.040786598,0.034987677,0.047086738,0.020889945,0.060040873,0.050171338,0.087672494,0.13591309,0.2743082,0.24814302
0.041748874,0.035737045,0.095744185,0.02485769,0.092229985,0.05229462,0.072083734,0.118667305,0.30246773,0.16416883
0.04691381,0.035032418,0.11191285,0.027653141,0.10782223,0.050965734,0.12210199,0.1437313,0.25933322,0.09453334
0.057292126,0.03800909,0.07670192,0.025282603,0.075932115,0.062254,0.09252605,0.12220966,0.21783747,0.23195499
0.046920504,0.052945696,0.045766048,0.038926482,0.060452186,0.06035577,0.2393675,0.09710762,0.1755737,0.18258452
0.061626416,0.060370587,0.04361092,0.03991212,0.047970336,0.06706905,0.19326909,0.08493691,0.18413389,0.21710066
0.03219908,0.03499801,0.041865665,0.023516173,0.053452384,0.055822857,0.055065803,0.063255385,0.20954406,0.43028063
0.04114347,0.035846647,0.07116801,0.029876467,0.070164435,0.06997304,0.043305594,0.05339145,0.23450503,0.35062584
0.022834381,0.030090278,0.067063436,0.022548884,0.09359052,0.050053515,0.03895489,0.06320249,0.30378434,0.30787724
0.04856484,0.04835973,0.09105169,0.037494145,0.09311874,0.06020002,0.09363082,0.084046185,0.21553332,0.22800063
0.074224494,0.058865745,0.06338346,0.047569077,0.059862062,0.08981519,0.12474757,0.066128,0.19120881,0.22419558
0.05835488,0.05353641,0.047976576,0.042681467,0.045918833,0.093308516,0.14322773,0.07025047,0.15386489,0.2908802
0.0642618,0.048401657,0.050421014,0.04251823,0.051937863,0.12133254,0.07078285,0.04024631,0.18359406,0.3265036
0.090255916,0.055309545,0.08260216,0.052383542,0.064273596,0.12013487,0.108032,0.058021974,0.1766085,0.19237788
0.07353927,0.045733403,0.09588999,0.044126958,0.07223583,0.11418523,0.06874459,0.05870919,0.20918117,0.2176544
0.07882303,0.044696238,0.06797369,0.035527024,0.058257632,0.12129054,0.08932123,0.06958946,0.2128239,0.2216973
0.0765304,0.056494404,0.05949399,0.03968418,0.052621555,0.08624191,0.15905245,0.07379764,0.2360376,0.160046
0.04643124,0.038730595,0.056346357,0.028821109,0.05487958,0.059533674,0.09606305,0.078834824,0.45506164,0.08529793
0.05756557,0.04488285,0.064272135,0.03403937,0.059420217,0.076227374,0.07797157,0.073410936,0.37120527,0.14100473
0.07450537,0.061680015,0.054877788,0.04741348,0.05674994,0.09025824,0.14475223,0.06803967,0.24849403,0.15322912
0.04193372,0.028105859,0.078994825,0.023857342,0.07133736,0.074114434,0.050375484,0.064956725,0.4751919,0.09113232
0.03369269,0.0417697,0.075800754,0.0333335,0.09378774,0.05349115,0.08064817,0.078164905,0.2583397,0.25097167
0.04891292,0.03956633,0.08018263,0.028089728,0.08287724,0.08088582,0.052400053,0.06506544,0.29122797,0.2307919
0.05618607,0.04473489,0.054296207,0.02856845,0.050588313,0.06750562,0.09502118,0.11576351,0.25067577,0.23665996
0.06629745,0.044243596,0.04991659,0.028732456,0.04676773,0.07879798,0.10774533,0.10101943,0.23525935,0.24122006
0.036043327,0.03156926,0.10375761,0.035616893,0.114205174,0.0864952,0.20875612,0.17174168,0.05128467,0.16053008
0.061862435,0.03906397,0.1161766,0.041295856,0.10012724,0.14404649,0.17546704,0.115795106,0.06676652,0.13939878
0.07849192,0.029813025,0.12713084,0.033508148,0.07749322,0.17095849,0.12928976,0.09691698,0.1291636,0.12723413
0.049937673,0.034492724,0.12822317,0.04054263,0.12558594,0.090285115,0.2065905,0.13088728,0.058078416,0.13537656
0.049041267,0.032957964,0.12639731,0.03727414,0.12333995,0.10284342,0.16184996,0.13922821,0.07038512,0.15668264
0.07026211,0.026038174,0.15339766,0.031253077,0.088464566,0.1351521,0.11852798,0.10625375,0.13925591,0.1313946
0.07355985,0.026291432,0.14700864,0.03216985,0.066160694,0.13666023,0.10858271,0.09145821,0.2009383,0.11717017
0.0707363,0.027864395,0.1502546,0.03208054,0.08917099,0.12881458,0.12671113,0.10180799,0.15696666,0.11559276
0.07137131,0.03658157,0.12475708,0.042939804,0.09475068,0.111780785,0.12211714,0.102458686,0.18035218,0.112890735
0.04706694,0.039216496,0.120054215,0.044015862,0.11169599,0.07292403,0.18705995,0.14976472,0.094384395,0.13381733
0.04596669,0.036430825,0.12252587,0.041957755,0.10735227,0.074776605,0.16734846,0.14959896,0.11969525,0.13434735
0.051888276,0.029495819,0.11545844,0.03261513,0.08246857,0.13713078,0.14951122,0.12595232,0.13823272,0.13724668
0.06461776,0.03684635,0.13750084,0.04231315,0.075492896,0.110525474,0.114415064,0.099359185,0.19855502,0.12037426
0.11184118,0.03739407,0.0535824,0.041398037,0.06217493,0.32534784,0.10889643,0.059904877,0.09670237,0.10275784
0.07860162,0.051203854,0.07658354,0.05378718,0.0633668,0.21876466,0.12606195,0.07483641,0.13750188,0.11929214
0.07535767,0.056250907,0.0747097,0.05802347,0.05918135,0.18952051,0.11068573,0.07436467,0.19223563,0.10967034
0.071329184,0.050845698,0.059064675,0.050959088,0.06990331,0.26355827,0.14315756,0.08261992,0.07695082,0.13161151
0.053207453,0.057444777,0.09747637,0.05334877,0.07723767,0.1323521,0.12655137,0.122214966,0.13985689,0.14030963
0.058902994,0.04690472,0.058265008,0.045720454,0.066280864,0.19935796,0.10913215,0.10332352,0.19080846,0.12130383
0.053037927,0.040063832,0.045979273,0.04684974,0.059562195,0.2681873,0.12330326,0.08995216,0.1476464,0.12541787
0.061143856,0.034562252,0.049255893,0.03777672,0.06414271,0.293867,0.12401159,0.08662593,0.12978499,0.11882906
0.06672024,0.030967161,0.044207633,0.032575283,0.07209188,0.34539562,0.14145559,0.086195014,0.058192622,0.12219895
0.08173952,0.039028633,0.043533225,0.040951423,0.06433588,0.33279312,0.12359507,0.0800276,0.06903336,0.124962255
0.04809165,0.050643552,0.06800444,0.047477983,0.07439952,0.19550095,0.17033286,0.12075175,0.068330966,0.15646636
0.084815584,0.04252021,0.074211605,0.042448618,0.071312435,0.23732162,0.12093656,0.09160267,0.10975894,0.12507176
0.075569056,0.044667102,0.061558742,0.04740045,0.060949028,0.24695073,0.11690065,0.08274769,0.13960409,0.12365238
0.04426719,0.06284095,0.058476202,0.062174413,0.05949449,0.19845127,0.14180818,0.10605777,0.10579895,0.16063061
0.07121926,0.051412217,0.04686555,0.0505801,0.06338888,0.29881197,0.12594989,0.08123051,0.08354183,0.1269999
0.061673533,0.05410979,0.059642136,0.056121536,0.065415196,0.22639206,0.12594181,0.09584688,0.09216781,0.16268928
0.06913123,0.048614692,0.069983676,0.0525302,0.06264377,0.22133967,0.1123067,0.0968793,0.1214512,0.14511953
0.17473271,0.02466654,0.19038561,0.03047538,0.15146837,0.07128931,0.06785003,0.15885516,0.05764911,0.072627716
0.14769499,0.01864629,0.26847744,0.025472848,0.23295693,0.045963865,0.05434754,0.121627055,0.03899093,0.045822147
0.07313588,0.019039987,0.3384319,0.024120498,0.33255687,0.022998402,0.038702972,0.089194156,0.024487989,0.037331358
0.11916625,0.04627964,0.20167111,0.05301264,0.128886,0.08187413,0.03743358,0.15518014,0.086200096,0.09029647
0.08370035,0.03435938,0.29803818,0.041051377,0.22100608,0.042556513,0.035338458,0.12534973,0.053314943,0.06528505
0.1020691,0.04545218,0.2092776,0.04010355,0.14176814,0.052432384,0.035366014,0.119646,0.14661872,0.10726637
0.09297004,0.039816517,0.23638485,0.041234102,0.17774405,0.04550477,0.04122048,0.11375367,0.10118602,0.11018557
0.13121615,0.03731472,0.22873607,0.041005317,0.17086793,0.057033278,0.055510875,0.15135193,0.060577285,0.06638649
0.124721766,0.03854576,0.22938463,0.04348725,0.17180374,0.053510923,0.055568166,0.13788155,0.06324275,0.081853434
0.16576378,0.031419955,0.15371859,0.035781804,0.13927618,0.086111814,0.069218576,0.1595299,0.068488255,0.09069113
0.1642486,0.046388555,0.15198985,0.05136666,0.110520616,0.09762519,0.06475437,0.15679522,0.070038915,0.08627207
0.16242062,0.034234416,0.16766816,0.040044926,0.13822378,0.071944095,0.077595174,0.16376038,0.06488701,0.07922142
0.15716426,0.03980042,0.16755126,0.043584988,0.123518266,0.08595873,0.07320412,0.15702628,0.06006551,0.092126146
0.13823842,0.032846957,0.18271847,0.037112046,0.16242094,0.06019786,0.07845856,0.14611293,0.06696944,0.09492435
0.12970097,0.048610207,0.1650159,0.04260731,0.14678548,0.060416106,0.066959456,0.14217411,0.09083691,0.10689354
0.11337029,0.034106437,0.18363424,0.034368627,0.1550711,0.058552615,0.061196152,0.15372422,0.08300489,0.12297148
0.13508771,0.047924165,0.17728592,0.044443853,0.15131395,0.05844079,0.06297737,0.13383712,0.08946834,0.09922088
0.15923001,0.021867637,0.25463012,0.0262768,0.19698812,0.054829348,0.05735302,0.14051218,0.04277213,0.04554062
0.13851687,0.023240088,0.21965931,0.025766982,0.17363064,0.06435125,0.063902974,0.1545301,0.05846581,0.07793596
0.16903286,0.023002481,0.17196625,0.023271097,0.13628122,0.08464052,0.06619377,0.18318114,0.06320701,0.07922357
0.15770581,0.04159725,0.15428405,0.04125095,0.110595934,0.09032291,0.066721044,0.160654,0.08025429,0.09661379
0.10481838,0.014919451,0.32283446,0.01827999,0.2667406,0.03399341,0.036147524,0.10976428,0.04665962,0.04584229
0.09117461,0.011962702,0.33781788,0.016639253,0.3194915,0.027549116,0.035324648,0.09705827,0.029661126,0.033320848
0.20097704,0.020564925,0.16778214,0.022564214,0.122886755,0.085686944,0.047665652,0.20007777,0.074343555,0.057450987
0.09110806,0.014724765,0.35648525,0.019864717,0.28927422,0.02780607,0.03721331,0.09689276,0.030685628,0.035945196
0.09425836,0.015573914,0.35381296,0.01911551,0.27926287,0.026866551,0.029029356,0.09851677,0.04466499,0.038898703
0.13783982,0.028422205,0.24723502,0.02951991,0.18108056,0.050856326,0.0483079,0.12909243,0.080539964,0.06710582
0.14171205,0.029023571,0.23543769,0.031317413,0.18147838,0.054692842,0.061898176,0.12983346,0.06182847,0.072777934
0.16109262,0.025643483,0.2186234,0.027065963,0.15417129,0.07097439,0.0586692,0.1440465,0.07023942,0.06947374
0.11110031,0.017178565,0.28213322,0.021690123,0.23930606,0.039383233,0.05553141,0.1271231,0.045568224,0.060985804
0.12929317,0.03416454,0.07958172,0.032883838,0.060517516,0.0576717,0.080322854,0.25319186,0.050398365,0.22197445
0.11591597,0.030203091,0.095206134,0.028720818,0.063095994,0.060999807,0.042770475,0.31055343,0.05380857,0.19872569
0.07060598,0.026381662,0.10355088,0.030995803,0.08618848,0.06246773,0.035106994,0.40871376,0.07021049,0.105778255
0.10932917,0.03207683,0.09084524,0.030722152,0.056277618,0.07407345,0.0480608,0.25850818,0.05735899,0.24274755
0.08769565,0.029960701,0.09489853,0.03528583,0.076021105,0.06279523,0.070426084,0.36032715,0.064203076,0.1183866
0.110548295,0.041851737,0.06908312,0.038928606,0.051104352,0.059798155,0.087303005,0.25696146,0.072344884,0.21207638
0.103872046,0.048191354,0.0834167,0.04488925,0.054354705,0.105592065,0.046202566,0.18381985,0.09654399,0.23311752
0.08605414,0.053824093,0.08519576,0.05349612,0.05509692,0.1129491,0.0494149,0.22081521,0.10682667,0.1763271
0.066038966,0.054640774,0.09052278,0.06103713,0.06643169,0.124903865,0.0478787,0.24291323,0.11822554,0.12740739
0.0693692,0.044231426,0.106265396,0.05053081,0.07340584,0.113935806,0.03556857,0.25609496,0.11047622,0.14012171
0.118695326,0.049617942,0.07782244,0.045562226,0.05486485,0.08299625,0.055362992,0.20509727,0.09563597,0.21434478
0.12482155,0.034234084,0.06427302,0.03477117,0.060987286,0.046582125,0.12622239,0.17895716,0.04439668,0.28475454
0.13991599,0.038598433,0.071693785,0.03869892,0.062220424,0.055439882,0.12281535,0.20069519,0.05196205,0.21796
0.14168867,0.040824242,0.08127422,0.038453676,0.06326328,0.06618922,0.081710465,0.21504077,0.06619717,0.20535837
0.13549814,0.0427054,0.07977199,0.04201572,0.07761529,0.05566464,0.09074383,0.16908099,0.10962186,0.19728217
0.12044454,0.040639006,0.09825007,0.039564896,0.078429714,0.07315841,0.04968964,0.18444157,0.13554808,0.17983407
0.11569571,0.05177405,0.07834906,0.048885062,0.05506224,0.061343856,0.06550343,0.19176914,0.16150413,0.17011327
0.11836415,0.04914331,0.089112684,0.048499897,0.064691246,0.07310972,0.07393482,0.22578883,0.10237867,0.15497664
0.096812285,0.047210153,0.09993701,0.049614016,0.06198993,0.07123002,0.04908778,0.24577779,0.14336741,0.1349736
0.08529759,0.06327509,0.08102408,0.06999351,0.046017885,0.060432978,0.060562763,0.1724477,0.2642127,0.09673572
0.10548432,0.057434447,0.074999906,0.058073603,0.057181004,0.05665258,0.11180596,0.21967699,0.124218,0.13447322
0.115743674,0.035999324,0.07135601,0.03356992,0.05012367,0.06453716,0.07337297,0.24514854,0.061756086,0.24839261
0.12446219,0.03795826,0.08107504,0.036037166,0.05243773,0.06756795,0.0742809,0.2520186,0.055136625,0.21902555
0.09681974,0.03719166,0.09331284,0.04053167,0.0620305,0.07741957,0.0718169,0.29614457,0.07058513,0.15414737
0.06898085,0.036842775,0.10936638,0.043861113,0.07237671,0.10147747,0.040768307,0.30069733,0.090909936,0.13471909
0.09765052,0.03391411,0.0892518,0.034990184,0.055988993,0.07292767,0.04958595,0.3068668,0.07165458,0.18716937
0.11703937,0.047910977,0.07678139,0.04938832,0.059244,0.064100705,0.10004622,0.23422785,0.09664747,0.15461366
0.12147977,0.033386137,0.10138638,0.034561127,0.05901802,0.07687116,0.05070639,0.28395948,0.058015734,0.18061587
0.11359527,0.030305386,0.114376806,0.03202802,0.062940836,0.079238914,0.044329,0.2905352,0.059951324,0.17269926
0.096000925,0.025528861,0.11625136,0.03003723,0.08130893,0.06694834,0.041137043,0.36349306,0.060787484,0.11850672
0.03235318,0.077050716,0.100010835,0.06941516,0.16707377,0.05467741,0.038101606,0.08339102,0.15912265,0.21880372
0.035221435,0.067643896,0.086682685,0.06673205,0.120726645,0.05608603,0.051429998,0.06329703,0.16034685,0.29183346
0.0335486,0.07588918,0.10739341,0.07057434,0.14313202,0.05770262,0.043580115,0.07368912,0.14385837,0.25063232
0.028167984,0.0734946,0.08604406,0.071362376,0.1597017,0.058309782,0.037028678,0.09088229,0.15715452,0.23785399
0.03434081,0.07377723,0.1018631,0.075867996,0.13647984,0.064340286,0.046427988,0.08820783,0.1416037,0.23709117
0.05164623,0.083392195,0.11976678,0.08683786,0.11672219,0.07890363,0.073421426,0.13600697,0.100052804,0.15324993
0.045132495,0.08915707,0.10939204,0.08798284,0.14247707,0.06850463,0.065250695,0.17144492,0.107378975,0.11327922
0.046218786,0.08772044,0.13223669,0.085095905,0.15549627,0.06756212,0.05183869,0.14197066,0.10846709,0.12339337
0.04499992,0.089226834,0.13289322,0.08341065,0.15237027,0.07129044,0.05115742,0.13395369,0.10151893,0.13917859
0.054356035,0.09064736,0.1296645,0.09055299,0.13053033,0.077470385,0.065829225,0.17070414,0.08985237,0.10039271
0.03925123,0.087526694,0.12324947,0.079317294,0.16964357,0.061413836,0.043457534,0.121298924,0.12363662,0.1512049
0.045266513,0.090971656,0.13207957,0.086494595,0.14670618,0.06666402,0.055912543,0.11409351,0.11283364,0.14897785
0.048142456,0.075423844,0.12393877,0.07999676,0.12434103,0.08007358,0.06143261,0.11475725,0.107414335,0.18447945
0.057126626,0.07916144,0.1157156,0.08644621,0.10781836,0.08230126,0.08107244,0.1368341,0.09631993,0.15720408
0.054554623,0.07807534,0.10558528,0.087237686,0.10425395,0.08385753,0.07382482,0.16892463,0.093009435,0.15067668
0.05233902,0.07683058,0.111192584,0.08443602,0.112718605,0.0844684,0.06899343,0.15363182,0.09750976,0.15787974
0.051558513,0.080903485,0.11669767,0.08723283,0.12038036,0.083032064,0.06259334,0.17980263,0.091678396,0.12612075
0.04358087,0.08712056,0.11126163,0.08923211,0.14805906,0.07300661,0.04912457,0.20943595,0.09477268,0.09440594
0.05266158,0.08417532,0.11375332,0.08889215,0.118159056,0.0826797,0.06977434,0.17980342,0.09020182,0.119899385
0.04945122,0.08111755,0.099931136,0.09381657,0.1009972,0.086355954,0.06618942,0.17469509,0.09355497,0.15389086
0.036892112,0.07915394,0.1104186,0.0845271,0.1386967,0.06994503,0.046127435,0.10720384,0.12572081,0.20131445
0.048635114,0.094227836,0.12834777,0.0921256,0.14377908,0.07053063,0.0613876,0.14201324,0.10328802,0.11566503
0.046322834,0.09364679,0.11763504,0.09330957,0.13282934,0.06618013,0.06880651,0.12308684,0.11836023,0.1398228
0.043547917,0.086996764,0.09936398,0.08856599,0.13496274,0.07231766,0.06787298,0.1505123,0.11349587,0.14236389
0.04339635,0.086166486,0.107489645,0.08733132,0.12924188,0.07285967,0.06563658,0.12600067,0.112554625,0.16932273
0.055379417,0.0799068,0.09962864,0.08775524,0.103107646,0.07779762,0.08363817,0.14375904,0.10162879,0.16739866
0.05518616,0.0809426,0.107978,0.08693143,0.109222084,0.080386646,0.081631094,0.14826672,0.096189,0.1532662
0.05007583,0.08526532,0.11258692,0.089162104,0.122556336,0.080233574,0.06899671,0.15733837,0.09942742,0.13435747
0.0459224,0.08631955,0.1079486,0.08931526,0.124222964,0.073881544,0.06855844,0.13319911,0.11325893,0.15737323
0.042800266,0.08836433,0.097296044,0.0943125,0.115500286,0.07928248,0.052580554,0.20992449,0.098703295,0.121235795
0.028040059,0.1013237,0.07182098,0.10554836,0.086898774,0.13654108,0.10955671,0.15470535,0.14542064,0.060144335
0.034183525,0.087402895,0.078823626,0.09562163,0.063901,0.15437576,0.14362587,0.1241969,0.09800374,0.11986502
0.02672745,0.111794986,0.06984948,0.11546667,0.061079085,0.18664399,0.15071873,0.094260864,0.117199115,0.0662596
0.031579137,0.09355125,0.085345566,0.09651171,0.106031425,0.104117274,0.091807604,0.19129613,0.14620988,0.05354989
0.025207149,0.061462305,0.11424303,0.06962423,0.12846023,0.07627925,0.09985802,0.0930419,0.18205409,0.14976981
0.029427519,0.07050602,0.10146739,0.08392253,0.1076436,0.075669624,0.13953291,0.08460016,0.15959424,0.14763606
0.028446257,0.0667585,0.1066068,0.073365524,0.101667166,0.07918279,0.14210889,0.075814895,0.15255962,0.17348957
0.03175342,0.067418866,0.11842563,0.07054208,0.08977182,0.088911325,0.14397989,0.077844314,0.13249177,0.17886093
0.030002493,0.075188614,0.09357666,0.08637655,0.10248293,0.10864551,0.14620082,0.10254332,0.13667993,0.11830316
0.026229171,0.06163097,0.09500876,0.060253065,0.09264602,0.11038423,0.12492914,0.08522626,0.13785923,0.20583306
0.026689438,0.077795625,0.12135014,0.09691862,0.12246974,0.08696031,0.11121336,0.12089326,0.14221005,0.093499385
0.0326806,0.071559,0.124272086,0.082917064,0.11418109,0.093097836,0.111447066,0.120681636,0.13712786,0.11203578
0.030260872,0.09825249,0.07156062,0.094400816,0.06290821,0.15592037,0.20105535,0.070855126,0.11261084,0.10217532
0.021416165,0.10557964,0.060046826,0.10176583,0.08059345,0.18137552,0.1272784,0.10833257,0.14901565,0.06459601
0.023990937,0.098635055,0.083097614,0.10216752,0.07825029,0.19637336,0.13322912,0.102067344,0.11495163,0.06723705
0.025573688,0.09394733,0.06736996,0.09367638,0.06505429,0.22035697,0.18827996,0.074233405,0.088604495,0.082903564
0.02718361,0.09088232,0.07842694,0.09379747,0.06319824,0.21136774,0.1877738,0.07295117,0.0865575,0.0878613
0.017927337,0.11780487,0.049752567,0.11309823,0.07325469,0.23440677,0.13485204,0.09566689,0.122663215,0.040573414
0.01735378,0.11808768,0.048558034,0.113093294,0.07075654,0.24452579,0.13960657,0.09067263,0.118359625,0.03898601
0.036134053,0.06284381,0.11910457,0.07536522,0.12896402,0.09301745,0.09521518,0.17380242,0.12408397,0.09146927
0.034201074,0.078599766,0.11044355,0.09763801,0.11698959,0.086142175,0.11861067,0.15519476,0.12010434,0.08207612
0.039309345,0.07070148,0.10283043,0.074225225,0.0773819,0.12539539,0.16971716,0.11331828,0.08209733,0.14502347
0.035365943,0.08565068,0.079115026,0.08576655,0.073857315,0.16252601,0.19262157,0.102487504,0.081413895,0.10119553
0.03574745,0.0812449,0.082873374,0.08253425,0.077585444,0.15874173,0.17981106,0.10725843,0.08157313,0.11263025
0.04204664,0.071204826,0.12252794,0.088102765,0.09340065,0.14767408,0.12854339,0.14054993,0.08003023,0.085919514
0.036541376,0.07547122,0.099391535,0.09126351,0.10059565,0.1541892,0.12474344,0.17526796,0.08153878,0.06099733
0.039218284,0.093822554,0.10249703,0.11793112,0.090503596,0.1277193,0.14105693,0.15345873,0.08475475,0.04903773
0.025244888,0.10334297,0.055777825,0.10489665,0.090221174,0.1829404,0.13809812,0.12588154,0.116855875,0.056740604
0.029760165,0.10696108,0.053668752,0.100803554,0.06946206,0.1770887,0.17440642,0.08678307,0.11604355,0.08502259
0.030830786,0.10030228,0.06467827,0.10417095,0.09139974,0.14566371,0.14582056,0.13579047,0.1153823,0.06596097
0.09926164,0.069960214,0.08103848,0.08113745,0.064309925,0.07115053,0.034640513,0.17755832,0.14563811,0.17530474
0.12624367,0.07183982,0.09175368,0.08323485,0.044504303,0.07085438,0.044170033,0.14208475,0.11246375,0.21285084
0.11022576,0.07462828,0.09594012,0.07021839,0.056117807,0.07343679,0.09332371,0.13300717,0.08487837,0.20822366
0.110778995,0.067767136,0.09080317,0.0656583,0.050175283,0.06369919,0.06375879,0.13736427,0.08712014,0.2628747
0.10205558,0.06547381,0.09098897,0.06678248,0.045664947,0.07186504,0.12400638,0.10243091,0.0670647,0.26366708
0.082596384,0.06706131,0.087555915,0.058994066,0.059804827,0.06680165,0.12542023,0.114617825,0.08587887,0.2512688
0.088337936,0.067619614,0.09967219,0.05618071,0.06177857,0.06547162,0.08574703,0.12340002,0.08250071,0.2692916
0.100969635,0.06757866,0.094601974,0.06049678,0.06620331,0.062356737,0.075190276,0.12310586,0.09926028,0.25023642
0.11031799,0.063378945,0.100316696,0.05879056,0.050623797,0.06255039,0.11305725,0.1218578,0.067146845,0.25195965
0.11214604,0.07233798,0.09348231,0.07061287,0.035234362,0.061135195,0.06918387,0.12530458,0.10217652,0.25838625
0.127913,0.065866075,0.091169216,0.07157967,0.0558058,0.07408559,0.07076677,0.1499097,0.0865167,0.20638748
0.10182065,0.064998746,0.080847934,0.06908982,0.055730864,0.056677237,0.043392852,0.15859306,0.09831901,0.27052978
0.13140011,0.06546856,0.09262372,0.07057642,0.047804452,0.067005314,0.048526663,0.13610518,0.089100726,0.25138882
0.11473287,0.069037385,0.08569371,0.07061473,0.046579707,0.06577288,0.067881905,0.12017665,0.09684966,0.2626604
0.14014944,0.06499376,0.09650571,0.06999102,0.050646696,0.07501967,0.07667027,0.11456635,0.07316667,0.23829041
0.12094037,0.06775029,0.09191418,0.072635904,0.047967706,0.07447921,0.08902018,0.10938512,0.073848635,0.2520584
0.112624764,0.07056594,0.0886361,0.07367187,0.046487723,0.0660502,0.051694892,0.12373047,0.093592584,0.27294537
0.11384387,0.06923795,0.08495035,0.07398708,0.045070216,0.06984484,0.08466539,0.112964265,0.080916375,0.26451963
0.11740329,0.07370755,0.08528603,0.078100406,0.037223294,0.062081706,0.0586077,0.1309655,0.09124165,0.26538283
0.13997479,0.07373806,0.08574614,0.08670129,0.038478147,0.07148641,0.05104853,0.11838125,0.10738293,0.22706245
0.12653537,0.07488057,0.09870859,0.08026159,0.040399004,0.07293343,0.06481542,0.13642547,0.07358792,0.23145266
0.13836807,0.070675366,0.09868987,0.08177522,0.04550479,0.080066726,0.0552431,0.13895006,0.08350651,0.20722023
0.12908563,0.06974369,0.101692565,0.075806364,0.051606007,0.07895849,0.047068756,0.14419442,0.08040257,0.2214416
0.13613686,0.071389176,0.098223634,0.08081865,0.04151295,0.076747574,0.048724327,0.13364281,0.09277766,0.22002624
0.12393058,0.067536585,0.09106008,0.067068934,0.067204386,0.06968777,0.06331422,0.115408,0.09897264,0.23581679
0.09707232,0.056270134,0.09445058,0.052176487,0.077937804,0.07003842,0.15877724,0.121421576,0.07757669,0.19427882
0.12586148,0.06016636,0.10878374,0.057935163,0.05841303,0.07361071,0.09426054,0.11311169,0.0656278,0.24222949
0.13058515,0.065002695,0.099920474,0.06494742,0.060699783,0.07220777,0.08394904,0.102353655,0.08804307,0.23229106
0.11800771,0.05907366,0.09592854,0.05916666,0.063556515,0.06665864,0.10747714,0.10756484,0.08187026,0.24069606
0.1000386,0.05549999,0.09905258,0.05187342,0.07709963,0.07205627,0.13250716,0.13794713,0.07497202,0.19895323
0.100758776,0.110946625,0.14281574,0.09784063,0.087771885,0.09425457,0.028308654,0.07934824,0.11077522,0.14717968
0.11872738,0.10433211,0.14072037,0.09358339,0.11642021,0.07357187,0.041145973,0.09218391,0.07540994,0.14390486
0.11962113,0.103210665,0.15656775,0.08406192,0.13101898,0.0816906,0.04072386,0.09300296,0.074228175,0.115873985
0.11355607,0.06594794,0.11744701,0.056997932,0.12145602,0.056254383,0.06696905,0.13676341,0.07261379,0.19199443
0.08067661,0.097342886,0.15559559,0.07745688,0.079320095,0.09525857,0.023526827,0.080736645,0.15669847,0.15338744
0.11777093,0.077138305,0.1808707,0.07131005,0.072677985,0.097279325,0.0294995,0.08866171,0.14414485,0.12064666
0.1266124,0.05325983,0.18329474,0.05321471,0.072943464,0.113020696,0.029093776,0.10619856,0.16649398,0.0958679
0.13461983,0.0488683,0.2157903,0.052484762,0.05495064,0.08768092,0.030496882,0.09453002,0.19635211,0.0842262
0.15113333,0.050836895,0.15839833,0.048446305,0.07297648,0.0653733,0.046984497,0.11644641,0.16827007,0.12113434
0.118153326,0.043508064,0.16455907,0.04644785,0.06444019,0.07358296,0.040309343,0.10635769,0.20042016,0.14222136
0.18037528,0.052882347,0.17377321,0.05078198,0.093236215,0.06908626,0.052042205,0.11388927,0.124087155,0.08984604
0.1595089,0.04360092,0.1468805,0.044421744,0.08037384,0.054386184,0.06499944,0.12315171,0.17416094,0.10851578
0.15626554,0.0371612,0.1442984,0.03840069,0.071462214,0.053960398,0.055232015,0.12276871,0.19774614,0.12270465
0.16823563,0.045496617,0.18265958,0.046589863,0.07588732,0.07826168,0.045763873,0.11066063,0.15427215,0.09217266
0.15502079,0.05431025,0.15205507,0.049904734,0.079427555,0.079611614,0.04502144,0.10676154,0.14519638,0.13269067
0.12469067,0.054392114,0.14898655,0.051416434,0.07184616,0.07593141,0.044082347,0.1004002,0.15092565,0.17732844
0.12865427,0.03771048,0.1918831,0.044574942,0.05547624,0.09636263,0.034993466,0.096064694,0.208308,0.10597224
0.1277376,0.03455204,0.19967555,0.039126538,0.06174824,0.080608614,0.036417495,0.09115566,0.2198479,0.109130345
0.13285837,0.044503774,0.15514545,0.04732901,0.06420349,0.06720177,0.056547336,0.09060962,0.16372706,0.1778742
0.12098695,0.040396076,0.16185108,0.04431649,0.06957267,0.077383935,0.045084875,0.08619872,0.17053057,0.18367864
0.1683258,0.040372662,0.14357837,0.043106526,0.07886652,0.05187052,0.06527577,0.11731476,0.16841644,0.1228726
0.14094259,0.04168287,0.11533217,0.04614534,0.08047209,0.039792035,0.09793754,0.14124848,0.12942778,0.1670192
0.14180867,0.034422785,0.15759863,0.036423124,0.07584953,0.06192488,0.047129236,0.11410787,0.18660496,0.14413029
0.1406642,0.034816135,0.1867349,0.037499327,0.06497482,0.07264289,0.039064895,0.10391501,0.21196762,0.10772031
0.123829275,0.064228214,0.13004465,0.05892333,0.09043373,0.06263697,0.11633214,0.10206519,0.111679144,0.13982731
0.13356282,0.057839956,0.17951828,0.055245724,0.09662563,0.08134774,0.060708072,0.100015305,0.13215554,0.10298089
0.12468088,0.045770295,0.17103873,0.045444958,0.0906237,0.076172076,0.06284256,0.10822149,0.16503236,0.110173024
0.14545736,0.042596962,0.20031115,0.04219222,0.09365805,0.072818175,0.038888197,0.11443445,0.16016886,0.08947463
0.11153042,0.035733506,0.19759084,0.03787062,0.05245367,0.07999505,0.03050578,0.1007683,0.25750473,0.09604705
0.16272873,0.04905811,0.20025446,0.055493254,0.0665005,0.093994245,0.03523329,0.09634109,0.1505218,0.089874536
0.073010094,0.020992301,0.10317553,0.027957896,0.09085228,0.2654951,0.09189526,0.095364384,0.07748464,0.15377258
0.084826216,0.021798162,0.09712807,0.029038686,0.09186535,0.2779149,0.08998286,0.08681667,0.08432432,0.1363047
0.07280837,0.021059195,0.10574786,0.028205238,0.09476307,0.24047402,0.09898622,0.10267697,0.07160442,0.16367467
0.048205253,0.019987743,0.10609968,0.030121716,0.11321979,0.2397814,0.1372418,0.098441474,0.048992235,0.15790898
0.062371615,0.022787143,0.10177045,0.030483885,0.105448276,0.26424694,0.11588635,0.07647203,0.073779136,0.14675416
0.05781265,0.032481615,0.081915684,0.037847973,0.08276189,0.27897725,0.08630837,0.06849145,0.10900221,0.16440098
0.058937915,0.022789873,0.076883025,0.028714301,0.06294795,0.3868777,0.079168096,0.064816914,0.08864205,0.13022213
0.058512785,0.023477815,0.06895083,0.029503588,0.06900892,0.4402675,0.09247406,0.046869494,0.06877053,0.10216445
0.042956695,0.019729348,0.12218102,0.029684516,0.12440744,0.20600235,0.14287603,0.10197484,0.040499214,0.16968857
0.09130295,0.028499832,0.090604655,0.03474481,0.10426593,0.22620359,0.08992533,0.07877997,0.112468995,0.14320393
0.08593535,0.028929388,0.1149953,0.037756503,0.13047549,0.24071883,0.08609399,0.07302098,0.077330515,0.12474357
0.07249699,0.02097803,0.1531284,0.028953573,0.17695433,0.20456469,0.10035012,0.08074476,0.047917746,0.11391146
0.039020743,0.01912324,0.14922297,0.032941576,0.1732204,0.15144525,0.15080571,0.09761109,0.027364379,0.1592446
0.052284103,0.029021457,0.11273441,0.0384212,0.15510204,0.17645878,0.11326256,0.086294614,0.06279642,0.17362446
0.084640555,0.032229193,0.09467367,0.03824646,0.10639515,0.19722107,0.091028266,0.07587619,0.12237483,0.15731461
0.09893834,0.028831761,0.08799258,0.03440058,0.11076614,0.22803687,0.090229034,0.08114275,0.10439529,0.1352666
0.06240995,0.018946996,0.10748702,0.025421081,0.094415985,0.27339968,0.09295416,0.102313176,0.06643319,0.15621874
0.076375775,0.02093346,0.08422071,0.027234143,0.083197884,0.3355452,0.082755014,0.08412606,0.08117593,0.12443584
0.077964716,0.018954637,0.12028083,0.024532456,0.09521676,0.25535575,0.08804225,0.10020634,0.074681364,0.14476486
0.05216331,0.01685307,0.17868495,0.027427513,0.19097805,0.19749892,0.09277018,0.082015686,0.034754425,0.12685393
0.04526726,0.017740456,0.16682497,0.02949204,0.2033582,0.20678024,0.110306665,0.07060412,0.030619644,0.1190064
0.040149312,0.024255184,0.13956833,0.032817498,0.11506692,0.30602694,0.09217177,0.054786325,0.051540766,0.14361696
0.0665308,0.018247038,0.17299913,0.026671272,0.19825739,0.19405004,0.09267032,0.08313086,0.039893012,0.10755011
0.047336448,0.01877853,0.16900438,0.029567454,0.17382142,0.2124593,0.09973425,0.07893556,0.03747801,0.1328846
0.036340203,0.01963496,0.15207373,0.03286558,0.1538222,0.25899845,0.113423385,0.05996517,0.03575047,0.13712579
0.03546634,0.01963177,0.14275602,0.032579143,0.14039958,0.2885836,0.11731403,0.054013982,0.038901277,0.13035427
0.047513824,0.023612889,0.13224691,0.032300595,0.09370578,0.35865703,0.08304141,0.048020042,0.057998497,0.12290311
0.04682636,0.022750048,0.11923609,0.030568505,0.07352773,0.36792463,0.0796924,0.05190496,0.075030066,0.13253906
0.052277718,0.023044292,0.13920173,0.03286625,0.15801316,0.26485145,0.10420995,0.060188774,0.045851495,0.11949508
0.07637806,0.025991788,0.09840439,0.034510665,0.08903168,0.3050837,0.07968905,0.06920221,0.089131504,0.13257699
0.06294859,0.092531964,0.15044604,0.07075116,0.08402441,0.095741175,0.07175064,0.09046741,0.13820854,0.14312997
0.05932306,0.08252095,0.1735362,0.074390315,0.1087542,0.089661255,0.070213825,0.09353017,0.09620318,0.15186681
0.057779606,0.08361431,0.14759232,0.06963548,0.06757252,0.10263418,0.07525638,0.09172043,0.14984642,0.15434827
0.063428715,0.11196436,0.103878215,0.059102543,0.08832141,0.07119007,0.077521965,0.079848036,0.263674,0.08107074
0.06741315,0.12711057,0.13510977,0.06593304,0.09079993,0.07184207,0.07761136,0.057339396,0.2019466,0.10489418
0.046935584,0.120371364,0.09832389,0.057361923,0.09650012,0.05333256,0.0752339,0.04948488,0.31729415,0.08516165
0.06564744,0.101608135,0.14696877,0.06952379,0.09539622,0.08350395,0.0764763,0.08625162,0.1468126,0.12781127
0.0665956,0.11992833,0.12654017,0.06488479,0.078458525,0.08449953,0.085198216,0.06770993,0.18952559,0.11665931
0.06194936,0.08906972,0.17184897,0.07427321,0.11483066,0.0836593,0.06602839,0.08806638,0.109855,0.14041898
0.068408094,0.104398005,0.16347599,0.06952369,0.10040392,0.089656554,0.06734201,0.07052338,0.1412576,0.12501083
0.06211403,0.087427735,0.16763157,0.06984467,0.106790215,0.10384145,0.061022494,0.08785178,0.11738161,0.13609445
0.060413096,0.08725555,0.17147495,0.07319825,0.108919084,0.09586429,0.06306418,0.08663647,0.11108326,0.14209084
0.056780037,0.08836735,0.17601503,0.07930928,0.12464724,0.09639732,0.0737829,0.07725377,0.08636392,0.14108312
0.080448404,0.1036997,0.16430964,0.06398775,0.12913147,0.07635538,0.0693443,0.07457212,0.15311907,0.08503205
0.06197872,0.088412896,0.15698051,0.06961645,0.085761026,0.10840509,0.0660993,0.089745805,0.12927003,0.14373018
0.059341457,0.086473525,0.1783862,0.07752028,0.12250028,0.09121303,0.07002982,0.08243276,0.08931969,0.14278294
0.06888096,0.09211948,0.16954607,0.07084406,0.1395549,0.07770743,0.06977911,0.085412845,0.120429054,0.10572613
0.06680436,0.093334906,0.1612871,0.067605406,0.08253158,0.1127947,0.06762445,0.08081038,0.13709766,0.13010952
0.0634763,0.09362641,0.15223445,0.06964004,0.07537537,0.11910508,0.072975054,0.07832202,0.1389672,0.1362781
0.058516182,0.087665774,0.16671532,0.07536233,0.09800029,0.0907297,0.08412942,0.076823644,0.13725044,0.12480692
0.05943406,0.08441048,0.17149721,0.07281374,0.10861499,0.08376903,0.070496745,0.09848221,0.10590996,0.14457153
0.05750637,0.088599734,0.16468264,0.078078285,0.09876434,0.087297425,0.08363611,0.080688305,0.12829922,0.13244754
0.05196653,0.083263986,0.1396767,0.07192834,0.06564069,0.09641689,0.08342601,0.08762446,0.17686482,0.14319153
0.048592594,0.079109564,0.12694846,0.058111593,0.045254655,0.08392439,0.09473716,0.06468092,0.3146681,0.08397261
0.047274962,0.08626259,0.1251112,0.06449434,0.044248354,0.09137465,0.08645938,0.06206637,0.2961321,0.09657596
0.047678318,0.10077378,0.10348642,0.06694937,0.039120562,0.1112717,0.08081152,0.050929096,0.30659163,0.092387535
0.05827715,0.09023903,0.15323476,0.07365625,0.086589664,0.10790256,0.07880547,0.08107108,0.13499112,0.13523291
0.054352254,0.10006803,0.117013566,0.06895253,0.05237685,0.11048503,0.08319814,0.06730274,0.23728585,0.10896503
0.050741058,0.08792992,0.12818272,0.06309596,0.04548671,0.09390685,0.08363908,0.060929075,0.29436836,0.091720305
0.050974924,0.087232105,0.111798756,0.06370602,0.0416516,0.10145307,0.08570816,0.06014746,0.2963085,0.10101939
0.07148634,0.08244274,0.06279053,0.08426049,0.091751985,0.16749746,0.049683794,0.087664045,0.12044057,0.18198201
0.054524533,0.09295358,0.061408512,0.09620283,0.07580345,0.1679661,0.041658953,0.07976238,0.13216166,0.197558
0.07070294,0.08251261,0.08369802,0.08531225,0.09644551,0.121517844,0.04012698,0.10392344,0.11032408,0.20543636
0.060029503,0.09950579,0.08999416,0.09772135,0.08671293,0.13109507,0.042510506,0.07976478,0.11968903,0.19297686
0.06544923,0.10201932,0.107081525,0.09889511,0.098305635,0.13429303,0.051509723,0.063385,0.109128796,0.16993254
0.06867092,0.10053116,0.11610149,0.0983882,0.13236547,0.12174894,0.060479492,0.0628015,0.07215522,0.16675767
0.051362302,0.09642929,0.089692354,0.10372208,0.0916969,0.14681897,0.04460758,0.07586411,0.058187168,0.24161935
0.06935951,0.08523074,0.10579993,0.08859723,0.11783808,0.13081335,0.049643412,0.08473167,0.07222292,0.19576316
0.06744353,0.08829002,0.11926043,0.092190616,0.115845904,0.11583655,0.049789984,0.08108872,0.06457406,0.20568016
0.07708738,0.07591894,0.080880366,0.0793811,0.11888148,0.10595205,0.032593235,0.13735875,0.089114994,0.20283166
0.08329534,0.06973512,0.09335691,0.074908756,0.123518415,0.10195514,0.039693773,0.12792629,0.07831611,0.20729421
0.07942666,0.07837244,0.14245394,0.08178848,0.14829333,0.09013373,0.046891592,0.089414194,0.05707358,0.18615203
0.08740979,0.07706791,0.11886866,0.080868445,0.13938121,0.10952825,0.056625176,0.08446109,0.06441129,0.18137813
0.068851106,0.08546841,0.1242633,0.08814115,0.120222054,0.106795534,0.043433446,0.089944124,0.06895925,0.20392166
0.07252967,0.08148191,0.11942551,0.0829432,0.11800085,0.108584255,0.044434544,0.09281266,0.084724486,0.19506294
0.07453754,0.07763982,0.10860718,0.07898792,0.13052385,0.11034798,0.04723926,0.09777555,0.07600888,0.19833198
0.071794555,0.07155217,0.09527908,0.07824033,0.113216035,0.103173256,0.041222513,0.118889004,0.08827946,0.21835348
0.07485692,0.07240453,0.11288945,0.077609085,0.12596618,0.08892681,0.041046,0.1175954,0.07878373,0.20992196
0.07760376,0.07648979,0.10846247,0.07903043,0.12755154,0.1073481,0.04534463,0.1024812,0.07585056,0.19983748
0.083845615,0.07410357,0.17081964,0.07866859,0.16968076,0.08870525,0.050372634,0.076626,0.050937504,0.15624048
0.071493246,0.08297878,0.15264946,0.09012057,0.14999992,0.10212381,0.06498196,0.06420936,0.049575903,0.17186704
0.06428397,0.08463317,0.11694036,0.087854266,0.12700933,0.11568557,0.039764006,0.09377907,0.06207011,0.20798019
0.061761253,0.0966703,0.12811053,0.09578754,0.11941308,0.130192,0.043849733,0.07041653,0.0665768,0.18722221
0.058220472,0.10366741,0.10954106,0.10319412,0.10144265,0.13304223,0.04967566,0.066033766,0.08669546,0.1884871
0.07528834,0.08194617,0.13899241,0.08593448,0.15078177,0.11825281,0.06595299,0.066731155,0.063038334,0.15308155
0.06552618,0.09452191,0.117937624,0.092276745,0.08858669,0.116970554,0.04291562,0.076428,0.1244683,0.18036833
0.07533015,0.077834636,0.11325591,0.075812794,0.11088268,0.09808385,0.035874043,0.11760783,0.095273905,0.2000443
0.083743185,0.06896221,0.10641547,0.07093424,0.1236993,0.08502991,0.03750457,0.13503169,0.08678909,0.20189033
0.0816158,0.069811456,0.14204815,0.07652273,0.15386695,0.08222374,0.05114655,0.09897052,0.059571244,0.18422295
0.080763064,0.0736991,0.14365932,0.079224914,0.159946,0.09040908,0.061406374,0.08132122,0.058361426,0.17120956
0.08315839,0.106871456,0.09893863,0.09778165,0.20432389,0.053141102,0.099133246,0.1390386,0.07721876,0.04039439
0.08620532,0.14750189,0.08890325,0.15283737,0.16567466,0.046858493,0.09590821,0.06933353,0.07382892,0.07294845
0.120298795,0.109065264,0.087945975,0.1080716,0.17423132,0.055295795,0.105869986,0.087164104,0.06567932,0.08637779
0.06402287,0.13615096,0.08747786,0.12935944,0.1702396,0.05762164,0.10354024,0.107541986,0.08557932,0.058466062
0.09333591,0.09818633,0.097480156,0.10107318,0.20594633,0.051626403,0.120370656,0.124122046,0.07561009,0.032248996
0.105055936,0.08080641,0.08856475,0.08145022,0.19635747,0.050584216,0.11855072,0.109762825,0.1042787,0.064588785
0.09295703,0.100451514,0.09218722,0.10376296,0.18606345,0.05539726,0.114352025,0.11240662,0.0861534,0.056268565
0.081324115,0.15067583,0.08680213,0.16302177,0.16737701,0.049702793,0.09869811,0.069890894,0.07025526,0.062252037
0.10250604,0.117105074,0.10034483,0.121742934,0.18259259,0.056982003,0.102433756,0.09980159,0.065851,0.050640196
0.10442205,0.10541308,0.108420275,0.123443045,0.17484587,0.054869097,0.1153535,0.09777533,0.06989734,0.045560386
0.09077084,0.102036275,0.10675779,0.111128666,0.1786389,0.051956527,0.11214358,0.11147531,0.08454315,0.05054894
0.10994141,0.11458236,0.09336452,0.12461124,0.17827642,0.049674943,0.10796989,0.085655205,0.06765984,0.068264216
0.12956814,0.10709566,0.087780975,0.111999966,0.16172916,0.053355508,0.105237566,0.077058785,0.06526723,0.100907
0.09810951,0.13876012,0.08894516,0.15115827,0.1659617,0.05274687,0.10409741,0.07259994,0.06393921,0.063681886
0.12037502,0.11396794,0.09143822,0.1324095,0.15897658,0.055196654,0.11682003,0.08235318,0.0665883,0.061874557
0.0989547,0.13310379,0.08270962,0.13677503,0.17040104,0.053365424,0.10213483,0.07732377,0.066717565,0.07851422
0.09060768,0.12577747,0.097848386,0.1457528,0.16389479,0.055149782,0.113684624,0.08954028,0.0695297,0.04821451
0.08695763,0.13463277,0.09341457,0.13950793,0.17812099,0.049758956,0.09740374,0.082425185,0.07209689,0.065681286
0.07030617,0.13284656,0.08719107,0.13111496,0.16643016,0.052705705,0.10807215,0.098344736,0.08371593,0.06927255
0.07921521,0.13426521,0.08858965,0.13986513,0.17797165,0.053806555,0.102016136,0.09470904,0.07274208,0.056819312
0.0820126,0.113687836,0.09201219,0.11557386,0.18034512,0.055223152,0.107610986,0.11575421,0.080058254,0.05772177
0.07875063,0.09406631,0.09315929,0.101188675,0.18871136,0.05366245,0.11449345,0.12983641,0.10706197,0.039069425
0.121218935,0.10743242,0.082297735,0.11081591,0.18957455,0.05797739,0.11146349,0.09240503,0.062933765,0.06388077
0.121609986,0.092537105,0.09130688,0.094554745,0.18484809,0.053251684,0.1093359,0.09789361,0.07252801,0.082134
0.12094454,0.10855161,0.09150643,0.120286204,0.1744672,0.056887545,0.106944844,0.093028635,0.06867151,0.05871146
0.080784276,0.07759396,0.09781899,0.08839289,0.19661006,0.044730175,0.111354575,0.13260995,0.13513124,0.034973904
0.11085224,0.07671335,0.10063474,0.09269661,0.18393147,0.046057213,0.10756214,0.10154939,0.12924299,0.050759856
0.13098553,0.087135054,0.093189776,0.09816748,0.18825583,0.052853197,0.12239715,0.09158479,0.08853613,0.046895117
0.1360059,0.091757834,0.085762836,0.10625833,0.16266795,0.06449857,0.12426457,0.07065734,0.087973796,0.07015291
0.11363243,0.10077698,0.10154113,0.11826759,0.16018507,0.061123464,0.10381014,0.09008803,0.08033811,0.070237055
0.049499866,0.049424548,0.20040494,0.05566367,0.12709025,0.058482066,0.05409943,0.13863976,0.12664261,0.14005284
0.063324876,0.03788842,0.22056241,0.04088618,0.18061826,0.046715178,0.04669293,0.13479438,0.08803942,0.14047799
0.055972,0.036679696,0.23578675,0.04064098,0.18865116,0.04398057,0.048341442,0.13273543,0.08056193,0.13665006
0.059202343,0.038669195,0.17918842,0.039971635,0.11878298,0.06319886,0.0484417,0.15712681,0.12650883,0.16890928
0.05658861,0.045325764,0.18688339,0.048667137,0.11286981,0.0655438,0.055344637,0.15866385,0.11932248,0.1507905
0.09789622,0.065602064,0.14738251,0.055939317,0.09308459,0.08441801,0.050263166,0.17510211,0.1566364,0.07367555
0.07000784,0.047252584,0.15541518,0.0442186,0.13939686,0.06609072,0.048025694,0.16163613,0.08874536,0.17921108
0.07405211,0.046318915,0.19468857,0.047752332,0.15575828,0.056981467,0.05009783,0.16165337,0.08871584,0.12398129
0.06230572,0.04610696,0.14040288,0.044672612,0.10946905,0.066436455,0.056793958,0.16903935,0.104100145,0.20067292
0.06458805,0.057748344,0.1645666,0.059302486,0.108900905,0.07480404,0.0653988,0.17073753,0.10491449,0.12903872
0.05868469,0.038029138,0.17548606,0.040711604,0.13946022,0.04739042,0.05684374,0.15485081,0.09061417,0.19792917
0.057234693,0.044343486,0.1722135,0.049177922,0.14363015,0.055758003,0.06253878,0.15478434,0.082759924,0.17755918
0.07990887,0.066651575,0.118178345,0.053911213,0.08689123,0.087575436,0.066549376,0.18601552,0.13366984,0.12064866
0.06377337,0.051179916,0.14060314,0.050530665,0.102069095,0.07023156,0.06291912,0.17319222,0.10753284,0.17796808
0.07359379,0.06452201,0.13297017,0.055960428,0.087122045,0.08285792,0.070932604,0.18974246,0.13639183,0.1059068
0.07454652,0.055254128,0.13080703,0.051777188,0.10277084,0.075232424,0.06284749,0.17578076,0.112658225,0.15832543
0.059304155,0.042735342,0.11179009,0.036803443,0.09856611,0.06382263,0.047540233,0.1842379,0.09019162,0.26500848
0.07727524,0.060278274,0.11482164,0.05067758,0.09351734,0.08224075,0.053675685,0.16885154,0.10223182,0.19643016
0.078141116,0.052992005,0.13326801,0.048361138,0.12622774,0.07357017,0.049758364,0.16497679,0.08744334,0.18526126
0.062806144,0.03937102,0.19991794,0.044581994,0.16435319,0.053563733,0.051743194,0.14203359,0.08473988,0.15688929
0.0526149,0.040627073,0.16155711,0.044754535,0.13168822,0.055794463,0.05828635,0.16638467,0.09150557,0.19678709
0.049620602,0.062922046,0.1684381,0.066917576,0.09540197,0.08028369,0.05682549,0.17706211,0.13084088,0.11168757
0.048257448,0.050093204,0.19666533,0.05655622,0.13732566,0.058896102,0.048948202,0.1546612,0.11418007,0.13441652
0.048542004,0.069484904,0.16797128,0.07282855,0.09404702,0.08122214,0.05254368,0.17498086,0.1439677,0.09441191
0.059479065,0.10323649,0.17865983,0.09408231,0.0711028,0.0921097,0.058668036,0.16122444,0.13859235,0.04284492
0.051544406,0.06996137,0.19666933,0.07640253,0.10670969,0.075065985,0.054872293,0.16509971,0.11970781,0.08396692
0.05847658,0.054812357,0.1648283,0.057592716,0.0969987,0.0748642,0.06027405,0.17929867,0.12718524,0.12566921
0.0588641,0.044123687,0.12723936,0.04305601,0.099549286,0.06714228,0.057803325,0.17015298,0.10340235,0.22866663
0.09438948,0.066787034,0.124875695,0.057146873,0.10215529,0.08435699,0.05366366,0.16466172,0.10028766,0.1516757
0.08611991,0.06284571,0.12413412,0.053713888,0.089405365,0.08661249,0.05917463,0.1679507,0.12197755,0.14806566
0.16655016,0.101125084,0.08809457,0.078312926,0.044411045,0.081057265,0.1650032,0.1204946,0.051525537,0.103425525
0.17254338,0.08985191,0.09912469,0.06936441,0.050483625,0.085667424,0.15695633,0.12597205,0.050072957,0.09996323
0.17102675,0.09984778,0.088104434,0.07789769,0.04482925,0.08223915,0.16171014,0.12049774,0.051160604,0.10268641
0.17745309,0.097024485,0.0784751,0.08006404,0.04170443,0.088070095,0.16530354,0.13042508,0.04750757,0.09397241
0.18016897,0.092510715,0.0795842,0.07628129,0.04190985,0.088322006,0.16715673,0.1366221,0.0456229,0.09182125
0.16388106,0.0911546,0.111127265,0.075743355,0.04665707,0.08118237,0.16763054,0.12474812,0.050721444,0.087154105
0.16208066,0.08393163,0.09932801,0.07076091,0.048854,0.09783586,0.14405422,0.13224466,0.052416965,0.10849305
0.17732944,0.089650296,0.10086571,0.07383592,0.04703344,0.09409962,0.14732037,0.12740617,0.04786216,0.09459688
0.14607142,0.086308785,0.1108385,0.07219477,0.056557264,0.10709884,0.1323141,0.124987364,0.054401495,0.10922748
0.13973154,0.07975929,0.113447174,0.070177756,0.05781473,0.10383669,0.14068353,0.12722097,0.058018003,0.10931036
0.14949799,0.07974666,0.10882554,0.066841304,0.05896108,0.10426782,0.14524664,0.12677485,0.05702037,0.10281774
0.13959189,0.07708736,0.119928256,0.06705272,0.062107984,0.0904938,0.15796413,0.12854931,0.0646439,0.092580594
0.15960562,0.08281525,0.11706224,0.06886658,0.05688659,0.09472768,0.14473131,0.12899435,0.054313697,0.09199666
0.14577498,0.06972805,0.1126346,0.065288894,0.062054694,0.111176245,0.12199881,0.13977054,0.06379719,0.10777608
0.14390379,0.07655444,0.12865505,0.07126262,0.057985943,0.09467665,0.1438485,0.13003261,0.061833683,0.09124673
0.13024049,0.08655154,0.12120821,0.07773503,0.052908625,0.07909205,0.1729351,0.13500905,0.058629207,0.085690685
0.14215939,0.081397384,0.1228948,0.07201316,0.052385595,0.07819745,0.17651199,0.12975894,0.05898184,0.085699536
0.14771639,0.08259796,0.124890245,0.07215687,0.051668316,0.07754987,0.17554043,0.12659861,0.0562168,0.085064515
0.15446024,0.08341563,0.113301635,0.06966832,0.051288363,0.08174782,0.17065212,0.13021061,0.053405464,0.0918498
0.1418247,0.07753244,0.11572559,0.06805657,0.056702923,0.08715617,0.16188394,0.13280661,0.059319925,0.09899107
0.1388366,0.07962231,0.11876265,0.070387304,0.054344248,0.081808224,0.17342159,0.13081183,0.060289383,0.09171578
0.14423841,0.081558205,0.12324453,0.07034092,0.054082904,0.0799935,0.17376465,0.12586156,0.05742327,0.08949208
0.12749867,0.09903528,0.10602097,0.08375906,0.05161258,0.077363715,0.17523086,0.13739525,0.068163715,0.073919885
0.1338462,0.087892696,0.121465325,0.07891541,0.049235977,0.07011209,0.18927877,0.13126239,0.058834646,0.079156406
0.14237961,0.097054094,0.08853549,0.087058924,0.044002816,0.07495235,0.18894231,0.14638533,0.058715437,0.07197366
0.1598016,0.08829307,0.117201984,0.07406877,0.048765197,0.07583568,0.17905223,0.1258826,0.052343775,0.07875506
0.15742177,0.09900767,0.10411227,0.08168306,0.044153225,0.078242004,0.17149682,0.12221986,0.04972728,0.09193605
0.16204567,0.09418181,0.11157017,0.0777491,0.045097247,0.07759714,0.17155361,0.12448834,0.049790077,0.08592682
0.15368304,0.107879415,0.0913547,0.084685735,0.042897493,0.087133795,0.15179928,0.11549867,0.055553183,0.10951471
0.16722326,0.07269341,0.10281047,0.0627598,0.056030568,0.10229028,0.13341673,0.125664,0.05887179,0.11823963
0.098560825,0.05083125,0.10788245,0.040237192,0.08191058,0.13131618,0.11497332,0.066596724,0.16717711,0.14051434
0.104397714,0.049603175,0.13067417,0.0395097,0.0885478,0.11313414,0.10117813,0.060421944,0.17328021,0.13925299
0.09764981,0.04802652,0.14541872,0.038953353,0.08732096,0.12197287,0.0950443,0.062443025,0.17356306,0.12960741
0.09322422,0.045927208,0.17812663,0.040139217,0.10669068,0.103528105,0.11462161,0.0607267,0.13793637,0.11907928
0.089786276,0.04709974,0.17919098,0.0384628,0.09264819,0.13210872,0.077516936,0.0730506,0.17576295,0.09437286
0.08846272,0.048805982,0.17395577,0.043461047,0.09214607,0.11880412,0.09869955,0.056820463,0.16021125,0.11863299
0.09159334,0.049807914,0.14045557,0.04211799,0.08432524,0.14612523,0.079015836,0.06895782,0.19056696,0.107034095
0.080749616,0.052160863,0.15119538,0.043161407,0.07763003,0.15295154,0.08079605,0.071207196,0.18730733,0.102840625
0.10037288,0.052127235,0.12731904,0.039363023,0.0912042,0.11961595,0.09264254,0.079050526,0.19955279,0.09875179
0.08226888,0.08057477,0.08583044,0.046681333,0.12703463,0.08842678,0.095908724,0.088308565,0.2594625,0.04550333
0.10140591,0.0670726,0.09718197,0.04726503,0.106316246,0.100712866,0.114382446,0.08312126,0.22114995,0.06139171
0.10411025,0.06807273,0.0942584,0.045322746,0.09001933,0.109767176,0.10841357,0.06749203,0.20857641,0.103967406
0.07934327,0.058265697,0.09365068,0.047588695,0.085278004,0.1389653,0.10290895,0.06956049,0.20699595,0.11744296
0.092762314,0.05741293,0.10245142,0.043764293,0.07783121,0.15665962,0.09953469,0.0651814,0.17768951,0.12671259
0.08507116,0.047049582,0.09224487,0.0453131,0.07222506,0.11739669,0.14988457,0.05083689,0.13809831,0.2018798
0.064521894,0.04022886,0.14157915,0.041454066,0.07762471,0.16733834,0.09152792,0.0553441,0.16382378,0.15655713
0.06679673,0.047327384,0.13536657,0.048888333,0.06842706,0.1916215,0.07969452,0.050520264,0.17889526,0.13246244
0.064828105,0.04369103,0.1424566,0.045632314,0.07333536,0.18112746,0.08744154,0.051723115,0.16629982,0.14346465
0.0649685,0.047930256,0.14163135,0.04699566,0.06898068,0.19324903,0.07568075,0.05855014,0.18997566,0.11203791
0.071171924,0.054047294,0.1187379,0.05186485,0.06636539,0.19198999,0.07492961,0.062438406,0.20015845,0.10829617
0.06586223,0.05600363,0.108706295,0.05418483,0.07062123,0.20836905,0.06815918,0.06704811,0.2081065,0.09293885
0.076447405,0.05363703,0.11759295,0.04923289,0.06965662,0.17697166,0.08226735,0.060121328,0.19185005,0.12222278
0.080798276,0.06297141,0.10659068,0.052351803,0.07835324,0.13979872,0.080899745,0.07063185,0.23831606,0.08928817
0.08348214,0.06324637,0.10566974,0.051841162,0.0750074,0.11287176,0.099684075,0.052386925,0.2346369,0.121173516
0.08912307,0.046875637,0.11424869,0.03901215,0.0832074,0.10334945,0.1321285,0.05419134,0.15714344,0.18072025
0.08989246,0.051467847,0.12283099,0.04182025,0.08180603,0.12491468,0.1196423,0.064379565,0.16218856,0.14105731
0.07952353,0.0557752,0.10983974,0.045150753,0.079124786,0.16800661,0.09048808,0.073722295,0.18832004,0.11004894
0.091419436,0.060109295,0.11368979,0.047361076,0.08088898,0.15138856,0.103470005,0.06884526,0.1759617,0.10686601
0.0878133,0.06812998,0.092553966,0.04800468,0.09721043,0.13672829,0.094283395,0.09307541,0.2145746,0.06762598
0.077836275,0.04964165,0.12598509,0.04316079,0.07652915,0.19981937,0.07411943,0.07225141,0.18132217,0.09933473
0.08798721,0.1392676,0.07825041,0.13689435,0.05484222,0.059257407,0.06297931,0.057223316,0.11716759,0.20613061
0.08740383,0.13141419,0.08131321,0.13425861,0.056166347,0.059171293,0.06143571,0.056823563,0.12641364,0.2055996
0.078395315,0.12552877,0.08627602,0.1450766,0.04610259,0.07061985,0.0682093,0.056640092,0.08969998,0.23345147
0.08773951,0.12176084,0.0894104,0.13814317,0.05356529,0.05994917,0.06876414,0.05653601,0.10596419,0.21816726
0.106280856,0.12860855,0.0817713,0.12216221,0.06474973,0.049241748,0.06516512,0.054648872,0.15949625,0.16787544
0.09811958,0.1278804,0.0816057,0.12694456,0.06188976,0.052137993,0.06808811,0.054977838,0.13259079,0.1957653
0.07494006,0.112144485,0.08554814,0.14331017,0.055733573,0.05708697,0.08181585,0.056347523,0.09415921,0.23891392
0.07479244,0.10248924,0.08850807,0.14386983,0.055538602,0.05334989,0.08010025,0.05909204,0.08031861,0.261941
0.07418834,0.10845637,0.08800882,0.1473193,0.054454964,0.058004018,0.08179673,0.055031076,0.08601592,0.24672446
0.071282364,0.11818417,0.098075524,0.15350378,0.04497373,0.06826111,0.073026665,0.06815281,0.06873212,0.2358077
0.07218103,0.11285477,0.099376835,0.14647847,0.04599111,0.06980439,0.06814438,0.068799615,0.07223583,0.24413353
0.096339114,0.10923304,0.09786419,0.13498983,0.055259492,0.054370888,0.074462816,0.06899947,0.08368431,0.22479685
0.100404516,0.120694295,0.094123624,0.13091637,0.056598604,0.05290042,0.07372855,0.06400405,0.092085175,0.2145444
0.093962334,0.115820624,0.09366099,0.13611397,0.060399663,0.052691974,0.0809984,0.06661801,0.101120904,0.19861317
0.10193502,0.13249514,0.08760021,0.122413985,0.06036951,0.05582418,0.0705595,0.0607933,0.12604132,0.18196781
0.06651726,0.10937434,0.09580496,0.15593736,0.049747996,0.06025467,0.08422405,0.069252886,0.06100396,0.24788257
0.0687228,0.11851828,0.08936666,0.14684832,0.04879796,0.06533421,0.07397578,0.061789367,0.07767854,0.24896799
0.08962825,0.13782547,0.09212132,0.14176759,0.049012277,0.065039374,0.06927015,0.059762273,0.08931877,0.20625451
0.10013416,0.1330264,0.0851653,0.12354068,0.061554227,0.0560937,0.07029228,0.05791436,0.12581098,0.18646793
0.07941582,0.10134042,0.09730385,0.14418234,0.056084123,0.05476912,0.07855872,0.066406675,0.07245711,0.24948186
0.06949614,0.10074599,0.09588322,0.1481188,0.053556588,0.054590933,0.082780674,0.07181347,0.062409703,0.26060444
0.06673251,0.10540548,0.089940615,0.14951986,0.052642055,0.06378415,0.08577837,0.054682128,0.07815818,0.25335667
0.08213744,0.123149306,0.094899,0.13854766,0.047593914,0.06942912,0.06839351,0.06289067,0.093651235,0.21930803
0.058789525,0.10576847,0.10102162,0.16035402,0.04545987,0.06951593,0.09175543,0.06987069,0.05310697,0.24435753
0.081096135,0.11774326,0.10383094,0.15452154,0.045067642,0.06562436,0.07324461,0.07351224,0.06445283,0.2209064
0.08947152,0.1244611,0.09385524,0.13366958,0.049161233,0.06699721,0.064949125,0.065203734,0.1071505,0.20508076
0.08713357,0.13162339,0.09739732,0.13830493,0.046405356,0.0698272,0.06598938,0.065451905,0.09370471,0.20416225
0.09337625,0.13663916,0.09687119,0.13708293,0.047697287,0.06705444,0.0705316,0.0663522,0.09953116,0.18486387
0.081595205,0.120253436,0.09343649,0.13723055,0.048227377,0.066390894,0.06743746,0.06600319,0.09138054,0.22804488
0.102211244,0.11452882,0.09467258,0.1255481,0.057672437,0.053479735,0.07602005,0.06744716,0.097204834,0.21121499
0.040186524,0.05402607,0.13820636,0.051334217,0.094586074,0.09177396,0.074503854,0.21085547,0.109397754,0.13512978
0.03543158,0.05332945,0.13094686,0.046737995,0.09679086,0.08377521,0.077458076,0.22568016,0.10904365,0.1408062
0.035799533,0.059712455,0.13670997,0.049642015,0.0964718,0.077635996,0.08017274,0.1988408,0.124646686,0.14036798
0.0361041,0.07214797,0.14032687,0.056023546,0.109651364,0.06310005,0.08171171,0.14658946,0.16942984,0.12491507
0.025443114,0.058930133,0.12632267,0.053533837,0.09776489,0.06018307,0.08656355,0.1903153,0.13427103,0.16667235
0.035905987,0.06852434,0.13957588,0.054192938,0.11285863,0.069995366,0.0834834,0.15807597,0.14950123,0.12788631
0.041446537,0.08005814,0.13945663,0.05831056,0.13701092,0.06797723,0.07867515,0.13330686,0.16474427,0.099013746
0.039677948,0.065878555,0.1350325,0.05066776,0.11338288,0.081800565,0.08165408,0.18634015,0.1254403,0.120125234
0.036731653,0.05300922,0.13347729,0.049577553,0.097729325,0.08417157,0.09181243,0.21633217,0.096431084,0.14072767
0.032817543,0.047470074,0.12724835,0.04676379,0.09442689,0.080286555,0.0905587,0.23864871,0.09123441,0.15054493
0.042496443,0.061464522,0.13798559,0.05163772,0.10320615,0.09130244,0.078779414,0.18397152,0.12620944,0.12294672
0.04917526,0.07557134,0.13969588,0.057000823,0.14288877,0.07394422,0.079212554,0.13461486,0.15861234,0.08928399
0.045552954,0.062039565,0.14209841,0.053239096,0.09943842,0.09918325,0.08173702,0.17384507,0.12155883,0.12130735
0.045565885,0.07076335,0.13801382,0.056185547,0.13087243,0.08760649,0.08321848,0.15076064,0.13407567,0.10293768
0.05054985,0.06303673,0.13831502,0.05601692,0.1205997,0.08245236,0.07383417,0.16037033,0.15480676,0.10001817
0.047721326,0.06425176,0.14813225,0.056940854,0.10720316,0.0974419,0.07898855,0.15828407,0.12486043,0.11617573
0.05611955,0.062424567,0.14675938,0.05485058,0.11797664,0.08937757,0.07567615,0.15586367,0.14428356,0.09666835
0.054806538,0.06980988,0.13368154,0.054715365,0.14225309,0.09545126,0.074259676,0.16271159,0.13021956,0.0820915
0.04508236,0.060319178,0.14255394,0.05287096,0.0959297,0.10708425,0.0836729,0.1771765,0.11430337,0.121006876
0.050474204,0.064477995,0.13044237,0.05620655,0.122333795,0.104313225,0.07594188,0.17269966,0.12618637,0.09692404
0.0474025,0.06124084,0.14205885,0.057060085,0.10495376,0.099180534,0.07549506,0.16671859,0.12911202,0.11677769
0.048154265,0.056463987,0.13944916,0.057092898,0.10816545,0.08711197,0.08763877,0.16439041,0.13562307,0.11591007
0.036692426,0.06547515,0.13994312,0.06457035,0.105432235,0.08109272,0.07957851,0.13530968,0.15703422,0.13487156
0.047721613,0.058385536,0.14387685,0.056229107,0.1003012,0.10196172,0.07644013,0.17071506,0.12426814,0.12010065
0.047021013,0.05658635,0.14334866,0.056690305,0.09961183,0.10231441,0.081498004,0.1714576,0.118163526,0.12330823
0.045445725,0.056593653,0.14271359,0.057175495,0.10224411,0.095751435,0.08177933,0.17143254,0.12161715,0.12524693
0.038064454,0.0474558,0.13799557,0.053262077,0.099002965,0.08879024,0.08268438,0.2191092,0.0912942,0.14234114
0.038403016,0.049890347,0.13608038,0.050301943,0.102751315,0.09245077,0.0767748,0.2157303,0.10054837,0.13706873
0.041800022,0.051153235,0.14035706,0.05263541,0.099543415,0.09598786,0.07627978,0.20744953,0.10160836,0.13318542
0.0463023,0.05589541,0.14726076,0.054804586,0.09841001,0.10593692,0.07649606,0.18555094,0.1054637,0.123879366
0.17935637,0.074154034,0.129349,0.08035247,0.08715735,0.07731095,0.07227448,0.058211066,0.13952917,0.1023051
0.17490484,0.07690932,0.11780832,0.08010334,0.08626718,0.0905547,0.072948694,0.061700825,0.13620962,0.102593176
0.15933055,0.090960234,0.08859989,0.089232855,0.075858556,0.11175373,0.0695731,0.054594375,0.17232107,0.08777567
0.14931422,0.08441771,0.10280539,0.09113931,0.102101065,0.08124698,0.073794335,0.060826603,0.15873493,0.09561949
0.15521178,0.07588249,0.10911622,0.08048761,0.111434296,0.096893154,0.079422474,0.07188508,0.1055483,0.11411856
0.15216194,0.08040582,0.0940308,0.08474064,0.100145794,0.11769391,0.076740116,0.07168585,0.11138883,0.11100633
0.15231924,0.0779375,0.107268415,0.08400443,0.10526561,0.10108999,0.07674659,0.07229237,0.1073253,0.11575049
0.16487625,0.07645374,0.118722185,0.080517866,0.10827497,0.08904319,0.07754522,0.06635489,0.10832769,0.109884046
0.16815612,0.07842385,0.11376029,0.08291787,0.085395694,0.09339971,0.07407659,0.06106392,0.1399145,0.102891415
0.16027932,0.08461817,0.09695989,0.08727214,0.09739734,0.11049358,0.07479828,0.06481776,0.11926099,0.104102515
0.14917712,0.06509447,0.1516816,0.07811147,0.14014924,0.061370313,0.07166082,0.070286736,0.094943486,0.11752473
0.15859722,0.08030988,0.10059519,0.08422167,0.098723374,0.11132379,0.07539286,0.06998693,0.10978937,0.11105961
0.15922259,0.0821334,0.09946936,0.08393671,0.09555225,0.11347054,0.07744759,0.06787775,0.112327136,0.108562686
0.16418172,0.07507026,0.11892428,0.07817159,0.10263935,0.09349181,0.07730061,0.069324866,0.10888774,0.1120077
0.17043537,0.077297874,0.11616862,0.081364304,0.09419452,0.094102755,0.07423203,0.06447452,0.120481476,0.10724859
0.17296721,0.07466139,0.12216208,0.07997084,0.07687461,0.08239087,0.07043309,0.058401156,0.16254978,0.09958895
0.15676151,0.0823154,0.09509263,0.08529812,0.077586114,0.107859835,0.071297154,0.060942177,0.16616628,0.09668078
0.16373983,0.09211975,0.08908688,0.08911182,0.075652584,0.10824815,0.069509104,0.053204022,0.17463952,0.08468844
0.1553604,0.09135196,0.088824645,0.08699523,0.07178048,0.096970536,0.06794633,0.050909378,0.21083736,0.079023674
0.17485248,0.08164941,0.10855936,0.0850609,0.08775031,0.09561699,0.07253587,0.059861492,0.13374656,0.10036656
0.15705404,0.085473426,0.095606044,0.08609617,0.07442597,0.09974939,0.06630199,0.05615711,0.19104809,0.08808774
0.16410376,0.08506199,0.09431917,0.08734727,0.07909945,0.10534994,0.06973357,0.05905164,0.1631712,0.09276203
0.16712101,0.085862964,0.09719378,0.08872317,0.09285036,0.11122615,0.07388077,0.06261058,0.11737858,0.103152774
0.15803963,0.07534639,0.11630898,0.08545632,0.106156334,0.089571305,0.07183321,0.07106612,0.11043734,0.11578437
0.16212696,0.07827063,0.11523007,0.08511644,0.09501414,0.083029084,0.074104644,0.06214861,0.14252666,0.10243273
0.1562619,0.08454708,0.092888266,0.0881285,0.08163215,0.107066214,0.06751781,0.061155997,0.16665822,0.0941439
0.17188671,0.079549946,0.11209995,0.0833317,0.07484774,0.08897713,0.0694398,0.05663157,0.16783139,0.095404096
0.15988031,0.08134883,0.11591858,0.08656498,0.09934996,0.0775087,0.07123848,0.059055302,0.15179734,0.097337574
0.17041926,0.087034315,0.10292574,0.086620234,0.08437522,0.09979111,0.07060313,0.05592156,0.14878592,0.09352353
0.15704936,0.07686106,0.11758175,0.08754612,0.10897317,0.07724824,0.07245863,0.06677899,0.12737146,0.108131215
0.046599682,0.08451176,0.06481033,0.0804544,0.11175219,0.12343964,0.08174737,0.11443368,0.19574118,0.09650979
0.048534997,0.084638305,0.050224308,0.08061995,0.07706266,0.1406389,0.091991715,0.11897192,0.21288404,0.09443319
0.050238784,0.081751436,0.044949315,0.077578254,0.08341844,0.15298052,0.099511474,0.120155945,0.1940156,0.09540013
0.046132237,0.07077128,0.090878054,0.07295307,0.15861806,0.092665516,0.086496,0.12710455,0.15405609,0.10032506
0.05008967,0.07881841,0.059173036,0.07490909,0.10241022,0.12587474,0.097996294,0.1321928,0.17841409,0.100121684
0.04795693,0.08064372,0.054077,0.07567812,0.09061006,0.13530762,0.100892365,0.123203404,0.19626261,0.0953681
0.050496943,0.08513488,0.043455258,0.081651926,0.0780421,0.14835809,0.10410481,0.12624413,0.1901914,0.09232055
0.046765693,0.085330844,0.04302095,0.08155491,0.07873159,0.15552577,0.10619099,0.1278475,0.18008873,0.09494306
0.045910552,0.08795776,0.049276043,0.08351541,0.070800886,0.14139709,0.09540198,0.123269595,0.20975724,0.09271353
0.047298193,0.08956889,0.06143722,0.09397349,0.103921205,0.14804772,0.09309437,0.111799836,0.15162094,0.09923817
0.043477852,0.093730256,0.07306005,0.084419884,0.11712674,0.12798631,0.07600801,0.11934795,0.16403867,0.10080426
0.045145553,0.08390403,0.115455694,0.08622258,0.17948337,0.091656536,0.06534446,0.10646979,0.12882344,0.09749458
0.041607745,0.09905592,0.07488354,0.08518364,0.0995862,0.12437392,0.06474231,0.10413197,0.21401517,0.092419595
0.04269366,0.09546288,0.058291074,0.087593555,0.06722115,0.13567127,0.08013288,0.09836005,0.2522466,0.08232691
0.040640146,0.093899444,0.045742538,0.08463698,0.056037553,0.14981686,0.079802506,0.09414334,0.27770287,0.077577755
0.045122705,0.090708636,0.060696486,0.083690286,0.08729085,0.14105026,0.09197529,0.11259962,0.19524843,0.0916175
0.03770386,0.10966002,0.03299924,0.10297451,0.057172786,0.1885544,0.08087506,0.117733754,0.18231578,0.09001058
0.04373115,0.10071598,0.049003523,0.09986394,0.079552636,0.1518802,0.09867244,0.1223747,0.1618899,0.09231555
0.040681142,0.097556844,0.053794935,0.091773644,0.10224766,0.14943558,0.08772566,0.13021833,0.140181,0.10638525
0.047369964,0.076162234,0.12170841,0.0778552,0.21618558,0.08284087,0.07178373,0.10841684,0.10823437,0.089442715
0.04077182,0.09472128,0.07274896,0.08527415,0.09107975,0.12354113,0.07713512,0.12298747,0.18795611,0.103784226
0.04058975,0.09211928,0.0793247,0.08743835,0.08507673,0.11918469,0.075950734,0.115065955,0.20497167,0.100278065
0.042647865,0.079740055,0.1111525,0.08443158,0.16884665,0.092026085,0.071934134,0.12561603,0.11615517,0.10744994
0.04358179,0.078826316,0.10257752,0.082574494,0.14625761,0.092481606,0.07464172,0.12295749,0.1498505,0.106251
0.047041133,0.08819094,0.07215588,0.08157255,0.11971609,0.12145253,0.084603414,0.12881711,0.15138902,0.105061404
0.04292411,0.068946056,0.10136594,0.07646717,0.14312547,0.08095698,0.08050481,0.13582876,0.15672256,0.113158144
0.045734715,0.072337195,0.07887839,0.077728994,0.13186932,0.09923441,0.08748312,0.13634716,0.15868877,0.11169793
0.04524711,0.06969629,0.10254969,0.07790294,0.14530991,0.08072295,0.07757219,0.12133677,0.17284368,0.10681847
0.055601034,0.081736915,0.049019914,0.07856474,0.09717169,0.14303187,0.09223144,0.10939851,0.2035156,0.08972824
0.05583787,0.07935084,0.050755773,0.08065252,0.099910446,0.13619205,0.10230414,0.120196946,0.18003057,0.09476879
0.02490407,0.13007477,0.02546615,0.09921735,0.048753668,0.078033134,0.08622885,0.08983225,0.25992975,0.15756004
0.027207313,0.13767381,0.027667096,0.0977085,0.059474826,0.072066054,0.08825449,0.11613592,0.17954354,0.19426838
0.025589995,0.13066985,0.026642611,0.09730828,0.054029603,0.075136326,0.095375404,0.10883843,0.20578976,0.18061973
0.031295884,0.14377363,0.021565454,0.11833308,0.04310911,0.09204171,0.08471021,0.0884957,0.22794831,0.14872696
0.02842923,0.13703072,0.021279609,0.114908054,0.041078728,0.09013373,0.085716516,0.082626425,0.26219818,0.13659884
0.034087732,0.15120177,0.027005196,0.11489161,0.05313935,0.07675209,0.093147464,0.10069772,0.18526061,0.16381639
0.039317615,0.16529554,0.02893586,0.115075655,0.06888944,0.07110534,0.086127356,0.108246945,0.13804074,0.1789655
0.027319493,0.13336787,0.026384633,0.10803525,0.044803556,0.07712641,0.091884516,0.0872244,0.26225668,0.1415972
0.039179888,0.16549852,0.025120484,0.13084662,0.050354913,0.08063331,0.092194945,0.09333601,0.16896802,0.1538673
0.040501244,0.16613117,0.025452953,0.1315655,0.04793002,0.08224932,0.08967622,0.08745349,0.1830449,0.14599514
0.042488813,0.17978767,0.022410817,0.14010787,0.053517748,0.0872597,0.08244275,0.090514675,0.1488828,0.15258709
0.034372944,0.14835244,0.023053313,0.11849082,0.05914804,0.07260884,0.10191691,0.1156514,0.15652634,0.16987889
0.032916497,0.1730739,0.019386815,0.14603579,0.055507354,0.077013455,0.09086277,0.09669437,0.12917584,0.17933315
0.035821542,0.16786946,0.017577207,0.12764673,0.06195325,0.08475353,0.08866162,0.10916944,0.12069692,0.1858503
0.030264493,0.15452458,0.019478753,0.116630904,0.059561256,0.089675836,0.08686025,0.10829084,0.16255005,0.17216304
0.030074455,0.15135917,0.021168832,0.11450157,0.0663603,0.08033549,0.093781434,0.1141274,0.13458858,0.19370282
0.032763768,0.15458247,0.021831777,0.11074946,0.061655216,0.08541228,0.08344516,0.10649293,0.16484787,0.17821908
0.033603717,0.17790638,0.017646585,0.15243119,0.058432028,0.08057128,0.08397013,0.09139193,0.12591441,0.17813239
0.035244696,0.16047144,0.022200141,0.1312154,0.047854997,0.08466347,0.08942684,0.0925617,0.18519801,0.15116332
0.03308676,0.15106294,0.02264948,0.11719673,0.057998206,0.07863698,0.09523678,0.109645456,0.17829771,0.15618894
0.028991975,0.14001177,0.026467938,0.11044796,0.04264299,0.07846582,0.08785485,0.07734897,0.27730253,0.13046513
0.027996788,0.13413815,0.027295232,0.117394775,0.045346342,0.072754845,0.10357279,0.09394164,0.24888727,0.12867221
0.025952563,0.13339584,0.038562626,0.104694806,0.04459925,0.06131017,0.0894454,0.07285526,0.31821156,0.11097246
0.02338423,0.116771996,0.04503046,0.08926614,0.052942894,0.055187736,0.088689364,0.07775805,0.3248214,0.1261477
0.02368448,0.12447608,0.027699484,0.09849945,0.046372864,0.06641292,0.09488001,0.08940076,0.30517882,0.123395175
0.02681479,0.13289106,0.033031072,0.10329176,0.046636842,0.06800829,0.09371179,0.086761706,0.27013248,0.13872018
0.02473619,0.12487272,0.028136235,0.095778905,0.046933234,0.06847964,0.09162645,0.08367004,0.30533412,0.13043252
0.02408991,0.12858503,0.025135703,0.09971366,0.044481795,0.07833079,0.09732555,0.09414222,0.2538155,0.15437981
0.02960219,0.14520541,0.020880377,0.11972244,0.043637697,0.08801694,0.086497515,0.08864716,0.24948724,0.12830304
0.033405293,0.1674296,0.018254314,0.12813656,0.049843825,0.09736444,0.08081894,0.09393313,0.17051746,0.16029651
0.03664288,0.050350152,0.11746677,0.06059037,0.17681986,0.054125674,0.081394464,0.2702041,0.06251598,0.0898898
0.049495973,0.068298444,0.15983663,0.07272936,0.1766341,0.047112174,0.094151095,0.16534117,0.060780227,0.10562078
0.054278217,0.04903152,0.18279286,0.052362468,0.19189376,0.04399241,0.08908931,0.16560116,0.056964383,0.11399391
0.053858664,0.04784447,0.18932775,0.04714799,0.19073729,0.0455891,0.08903058,0.14944519,0.065156214,0.121862635
0.049662482,0.043379266,0.15544775,0.04280055,0.20971237,0.054346703,0.09082629,0.15047336,0.060502384,0.14284883
0.04904245,0.04807836,0.18778948,0.045360573,0.19853845,0.05233432,0.095182806,0.12492687,0.067795016,0.13095163
0.05306857,0.04155855,0.22959086,0.043352045,0.20097068,0.03888,0.08328291,0.14870591,0.055189185,0.10540129
0.05904258,0.038924906,0.21320798,0.03823909,0.21303561,0.03748098,0.0844928,0.13948944,0.05625609,0.11983051
0.0540381,0.04548787,0.19078507,0.045406822,0.19987616,0.038987882,0.08722925,0.16632295,0.053636365,0.118229486
0.042521365,0.0472326,0.16264135,0.054522,0.18160923,0.049514808,0.07613116,0.212145,0.06362003,0.11006242
0.053119596,0.043833364,0.22074327,0.045762595,0.1755876,0.04256416,0.08343927,0.15516809,0.069882885,0.10989914
0.03247864,0.046736408,0.11932394,0.058951635,0.17458303,0.053731516,0.07404293,0.30259836,0.063583516,0.073970094
0.055266477,0.045080476,0.22748107,0.046781488,0.18488869,0.042221073,0.08289137,0.14569466,0.054979764,0.11471496
0.0603437,0.044223532,0.17068225,0.040669218,0.21287504,0.05045426,0.092113756,0.13307723,0.052754022,0.14280711
0.044036847,0.038475208,0.14975683,0.040863555,0.22384688,0.047764566,0.077547885,0.20016438,0.061385512,0.116158254
0.05566048,0.04392171,0.17177904,0.038873106,0.22195399,0.04219519,0.08846967,0.13890278,0.07827861,0.11996543
0.049700383,0.04839574,0.12131179,0.047403727,0.20873316,0.05498278,0.084174775,0.18758906,0.08395631,0.11375228
0.056591853,0.039080527,0.18951839,0.036082845,0.22603892,0.040899582,0.08646961,0.13590685,0.065305136,0.12410629
0.045319673,0.043818012,0.1548881,0.043217532,0.20955853,0.04299866,0.08286673,0.18707968,0.07566245,0.11459067
0.046736,0.04915115,0.16557112,0.051804632,0.18636024,0.049466398,0.08409167,0.19031402,0.06553058,0.11097423
0.047533263,0.055313457,0.17690973,0.05211479,0.17285682,0.05513292,0.091491364,0.13857362,0.100902624,0.10917138
0.043546934,0.05100315,0.165168,0.055993166,0.18062802,0.050178025,0.08345668,0.20213073,0.06105189,0.10684346
0.05371523,0.044650815,0.188345,0.0465727,0.1990111,0.04388941,0.08715894,0.16587842,0.0556697,0.115108654
0.046541546,0.045810137,0.16515227,0.0480664,0.19332655,0.04446242,0.08499721,0.19785954,0.056774337,0.117009595
0.036974978,0.04876298,0.13064988,0.05142623,0.18021746,0.05412849,0.0791618,0.2334535,0.08789716,0.09732743
0.043261714,0.060822867,0.119557984,0.05640151,0.172073,0.065974295,0.09064734,0.17556426,0.109811075,0.10588589
0.05466824,0.05423588,0.13418254,0.046420366,0.20312588,0.055509366,0.09339966,0.13811396,0.09997398,0.12037019
0.04884524,0.056544755,0.14263144,0.053476665,0.19049358,0.04825553,0.08729237,0.18548903,0.08297737,0.10399411
0.031935893,0.050975427,0.09249805,0.05786694,0.15561688,0.06848163,0.07214693,0.28626576,0.10228682,0.081925616
0.047212567,0.060603492,0.13903643,0.050798748,0.17496632,0.063577004,0.10311572,0.1199248,0.12162366,0.119141266
0.056756094,0.060924556,0.111082084,0.057221398,0.11387124,0.049609337,0.09842876,0.1586481,0.15565668,0.13780175
0.0532207,0.062750325,0.109673314,0.058590803,0.11238764,0.0430266,0.09707548,0.1494491,0.18834856,0.12547754
0.047360808,0.043849923,0.14471103,0.043431345,0.13027291,0.04094462,0.08344875,0.14180958,0.15720448,0.16696653
0.049901173,0.04153154,0.11775475,0.03972253,0.16064014,0.03369454,0.07695777,0.11453487,0.21521041,0.15005228
0.05704486,0.073838435,0.12965384,0.080614686,0.12882762,0.052670147,0.08654296,0.16054368,0.15551533,0.074748404
0.06563846,0.07071478,0.11089734,0.067817084,0.10681663,0.043331094,0.09233913,0.11895863,0.23489374,0.088593036
0.07600923,0.080284424,0.095060706,0.08218408,0.101801105,0.07319551,0.09100875,0.1481735,0.1204306,0.1318521
0.057296224,0.06523591,0.11018388,0.059215434,0.10445165,0.04178662,0.09851706,0.14175366,0.20974043,0.11181911
0.063229874,0.07502498,0.09546401,0.07435499,0.10828709,0.06882129,0.09380064,0.19389364,0.12037357,0.10674992
0.047413077,0.041690297,0.104381174,0.03922977,0.10695315,0.049845174,0.08251605,0.17241046,0.12091586,0.23464496
0.05099477,0.04553761,0.097690396,0.0438121,0.1126415,0.054175146,0.08593726,0.16847536,0.12747835,0.21325745
0.048721854,0.04218158,0.114696205,0.03918299,0.1496644,0.038782507,0.08219599,0.14456826,0.17569979,0.16430648
0.062158074,0.068974085,0.11160219,0.068436444,0.114712,0.056109425,0.09927268,0.16125223,0.14438947,0.11309344
0.06132626,0.07072197,0.10326792,0.08145326,0.105241954,0.06706782,0.09199216,0.16726214,0.1315086,0.12015794
0.073463514,0.06883793,0.092284024,0.07184137,0.098569594,0.07233371,0.09115249,0.1448553,0.12933068,0.15733142
0.06558598,0.067729816,0.10084372,0.07363081,0.1080344,0.06124384,0.08954265,0.14604123,0.15419035,0.13315721
0.06835429,0.0639994,0.082522325,0.06874798,0.09083453,0.083181456,0.09268161,0.15219873,0.118431754,0.17904794
0.051072646,0.03551704,0.09020151,0.03615709,0.12811634,0.0539946,0.077298276,0.15243791,0.12529099,0.24991363
0.03973151,0.028876716,0.112179026,0.026929192,0.13589725,0.039504364,0.06944792,0.16010432,0.12155894,0.26577082
0.0427142,0.0335636,0.11589837,0.032407913,0.1297353,0.0434122,0.075799175,0.16223851,0.12862109,0.23560964
0.046615966,0.035272144,0.14049591,0.034243908,0.16208476,0.039162766,0.07382171,0.13738452,0.1537274,0.17719093
0.04352438,0.039138023,0.15101936,0.04003962,0.14545645,0.038460184,0.08563895,0.13192515,0.1729207,0.15187721
0.049374904,0.0481447,0.16918157,0.04921866,0.124378055,0.040004984,0.09156525,0.13111451,0.16624722,0.13077024
0.06228567,0.061507497,0.12043997,0.06605635,0.12007102,0.05063084,0.0934651,0.1289437,0.1791128,0.11748712
0.049539324,0.04398295,0.13166665,0.04351881,0.12880255,0.04039435,0.089108035,0.13315918,0.18352665,0.15630151
0.04619645,0.039163813,0.14084338,0.039346654,0.13847955,0.04402844,0.079438396,0.13944826,0.15092596,0.18212917
0.06700676,0.048635155,0.09658959,0.050897848,0.10535156,0.062797576,0.0920305,0.14593336,0.13968186,0.19107583
0.05437655,0.04028876,0.09592436,0.04177057,0.11184958,0.057525616,0.083228536,0.15534768,0.12689155,0.23279674
0.057704378,0.04612743,0.09698319,0.04535938,0.102183215,0.060921032,0.084529474,0.15478173,0.12923244,0.2221778
0.05524466,0.04842923,0.08590911,0.04785123,0.0975421,0.074853234,0.08820346,0.15933716,0.12270568,0.21992408
0.08433263,0.082525164,0.07372664,0.094372205,0.0829776,0.0969196,0.101026356,0.21799374,0.047438394,0.11868769
0.08453464,0.08559283,0.07234666,0.104093075,0.081418365,0.10946085,0.102316424,0.2019646,0.045111865,0.11316068
0.08049936,0.10275715,0.07340312,0.1239239,0.0764047,0.11386921,0.085876584,0.19566569,0.06861461,0.078985736
0.079941526,0.093270876,0.08230663,0.110726364,0.07488242,0.082190655,0.104487464,0.16402435,0.12672958,0.08144022
0.07575904,0.081964515,0.08762317,0.09773794,0.107903816,0.07963578,0.106138825,0.18365887,0.088715546,0.090862475
0.07703156,0.0973357,0.06318097,0.10907467,0.09927276,0.0974014,0.10418733,0.18296906,0.078716986,0.09082957
0.083078384,0.08977498,0.06583561,0.102794655,0.0952591,0.095617615,0.10858641,0.19395196,0.06495951,0.10014177
0.07266743,0.07721352,0.06974101,0.08908469,0.13225886,0.08353822,0.101033784,0.20045272,0.06914115,0.10486867
0.07096464,0.07499364,0.08053527,0.08966401,0.117810935,0.070535116,0.099403605,0.19343494,0.10461896,0.09803881
0.09057193,0.09522243,0.07087504,0.11161748,0.07073392,0.11707277,0.084736414,0.21247129,0.04600157,0.10069716
0.088045545,0.095100075,0.06726202,0.10897856,0.082081094,0.10453399,0.103000976,0.191075,0.05919673,0.100725986
0.09858038,0.099183775,0.068017185,0.09808777,0.07742819,0.09353265,0.08214519,0.2191158,0.0625226,0.10138645
0.10298515,0.10482714,0.0665846,0.10011723,0.07009037,0.09435941,0.08474289,0.21571963,0.062457133,0.098116435
0.077709235,0.06887179,0.081654586,0.083273895,0.10957228,0.0728735,0.096075855,0.22196017,0.07051925,0.11748946
0.08013285,0.07574517,0.07249366,0.0881287,0.107076935,0.08834686,0.088477045,0.22551566,0.054916006,0.119167075
0.08671558,0.08102763,0.08090447,0.09024604,0.095315576,0.094952084,0.080979735,0.22460373,0.051479273,0.11377582
0.099010296,0.1032171,0.066883914,0.10166926,0.06673912,0.10122644,0.07957108,0.21752746,0.06394548,0.100209884
0.090333715,0.10084477,0.069552004,0.09941771,0.07742419,0.08700101,0.082854964,0.2022864,0.09516901,0.0951162
0.08713888,0.09693212,0.074331135,0.08790372,0.081474036,0.0742372,0.0806145,0.21155785,0.111410715,0.09439983
0.06994981,0.08361496,0.08259405,0.08556131,0.09057489,0.06536925,0.083242044,0.18862106,0.15919927,0.09127327
0.08003594,0.09933494,0.08549877,0.10148695,0.07588531,0.075913,0.08403684,0.17679335,0.14329101,0.07772393
0.08303799,0.09495077,0.08212239,0.097531036,0.06203128,0.067557484,0.08124676,0.16523536,0.18946034,0.07682656
0.080952376,0.10495242,0.08040398,0.100496545,0.07280421,0.07461624,0.07358233,0.18444225,0.15373383,0.07401577
0.04831559,0.065830946,0.12042075,0.0775512,0.12947445,0.05295121,0.09547302,0.16703856,0.16555516,0.07738922
0.050205294,0.0632891,0.12135548,0.070228636,0.1330379,0.04848299,0.09953645,0.16239482,0.1662051,0.08526418
0.062067922,0.06782934,0.09373264,0.06844017,0.13462096,0.058907785,0.09058397,0.18939976,0.13018055,0.10423695
0.084671535,0.09380149,0.08127328,0.10707477,0.0787814,0.098181225,0.07985435,0.21969111,0.07106888,0.08560204
0.099536836,0.0989079,0.07083897,0.100219876,0.066741705,0.09466469,0.08300544,0.2225428,0.06169035,0.101851426
0.097461976,0.084111355,0.066961095,0.0901146,0.06830064,0.09228561,0.0911745,0.2410672,0.04910146,0.119421616
0.09866422,0.0943518,0.06960437,0.095039494,0.068214364,0.09277844,0.08342012,0.23436081,0.05512332,0.10844307
0.099654146,0.048690263,0.13069493,0.054093022,0.1327565,0.07786476,0.091471255,0.118330605,0.13570191,0.11074257
0.104055725,0.04870584,0.13117559,0.0550239,0.12192368,0.08357465,0.10449596,0.118453145,0.11664068,0.11595083
0.13728426,0.056339495,0.073663086,0.06042236,0.05701731,0.14865594,0.14059275,0.12335422,0.08923873,0.113431774
0.128437,0.05238987,0.0728972,0.058534738,0.063225955,0.13937476,0.13301796,0.1361829,0.10297202,0.1129676
0.117892995,0.05185059,0.086953595,0.05931018,0.0799201,0.12564272,0.13929641,0.119356416,0.096093625,0.12368348
0.109895594,0.059125483,0.097097784,0.06485281,0.10245853,0.1061894,0.12074822,0.11255256,0.1148018,0.11227779
0.1171696,0.0481055,0.15090829,0.0573092,0.101102106,0.08148123,0.10089305,0.10513768,0.10712262,0.1307708
0.119888805,0.056274116,0.11935047,0.058295418,0.123737425,0.08707606,0.0872005,0.11481392,0.13822007,0.095143236
0.073435664,0.0425043,0.19325286,0.04026708,0.1994915,0.065757684,0.055215824,0.08108101,0.16047993,0.08851415
0.08131215,0.04327947,0.22642574,0.044973686,0.16076878,0.064098224,0.071160026,0.09695403,0.1042108,0.10681713
0.09500928,0.050043195,0.22042555,0.051272266,0.13148539,0.07025791,0.073775046,0.0985409,0.10190656,0.10728383
0.08551332,0.07193314,0.16768302,0.06778299,0.11875434,0.095025264,0.06493334,0.09678615,0.1426741,0.0889144
0.08066891,0.050960843,0.2551803,0.047062196,0.16593453,0.056572072,0.04815661,0.077127144,0.15224932,0.066088006
0.07668356,0.04931288,0.23394683,0.045434266,0.17638977,0.060234092,0.049817424,0.079061195,0.15592536,0.07319465
0.10891941,0.047999967,0.277167,0.04820206,0.12346971,0.057392802,0.06507545,0.08959646,0.100786746,0.08139033
0.100510195,0.042818677,0.26563773,0.044846635,0.13578269,0.054711528,0.06451732,0.0915484,0.106077954,0.093548805
0.13355486,0.057297777,0.18077806,0.05484835,0.11354063,0.06745407,0.07183462,0.10855262,0.12891133,0.08322768
0.1513403,0.050623614,0.18349116,0.05404187,0.07600389,0.06967173,0.09691036,0.108436055,0.09183133,0.11764962
0.09839234,0.041388568,0.17081483,0.044901296,0.1129324,0.059118845,0.09502885,0.1489651,0.10503629,0.12342147
0.105699785,0.06269461,0.06290012,0.06713464,0.08125403,0.1512588,0.119606555,0.12491032,0.11907369,0.10546739
0.12500358,0.05743095,0.07527731,0.060699675,0.0770969,0.10647823,0.11685109,0.16176541,0.119693,0.09970394
0.09204841,0.053159192,0.113658,0.053515203,0.13072203,0.07552789,0.09191384,0.14904812,0.13599579,0.10441155
0.10810895,0.048686367,0.10164361,0.054083716,0.112019874,0.08070255,0.11423167,0.16100354,0.103814885,0.115704745
0.09069372,0.049029775,0.14509596,0.05073759,0.12294891,0.07005985,0.09979116,0.14731127,0.115525804,0.10880599
0.10764555,0.056230236,0.14395015,0.055871185,0.1092689,0.07632852,0.086714625,0.12903455,0.14220478,0.092751496
0.10359957,0.05451965,0.13994427,0.055471286,0.10734654,0.07726412,0.09501905,0.140685,0.12583081,0.10031969
0.09074048,0.04709586,0.17518665,0.04828546,0.13933551,0.06421878,0.088679455,0.12980099,0.116883695,0.09977314
0.13883843,0.058760703,0.13594273,0.05491753,0.11656726,0.07295212,0.087636895,0.12568739,0.12511419,0.08358277
0.100256026,0.052288964,0.16212684,0.051195193,0.14192991,0.06414048,0.07839781,0.12520021,0.13805793,0.086406685
0.09279563,0.037649103,0.18713547,0.047064006,0.10620729,0.06311048,0.09754432,0.11889644,0.098718755,0.15087844
0.2521718,0.061162762,0.08649055,0.053606596,0.05099576,0.09252713,0.2247822,0.05550741,0.025534831,0.09722094
0.22018786,0.054775048,0.13989072,0.05218424,0.079890706,0.09173681,0.20162033,0.050185785,0.020931603,0.08859682
0.22078224,0.05174362,0.15802494,0.045359716,0.09521425,0.08478356,0.19238797,0.05793778,0.018498039,0.075267784
0.16522504,0.04798835,0.20713282,0.04569714,0.12422428,0.073669344,0.16283062,0.067345716,0.023376685,0.08251
0.1412696,0.045088876,0.23437712,0.04183036,0.12951764,0.073543645,0.15852097,0.076660335,0.022867795,0.07632375
0.13015762,0.051354058,0.23632178,0.045487523,0.09816682,0.08749656,0.12650928,0.10081353,0.04666385,0.077029034
0.14021988,0.048829302,0.2769021,0.047179848,0.0943184,0.076818615,0.12707752,0.07486214,0.03716855,0.07662371
0.16297664,0.056999426,0.25221586,0.04654938,0.07069242,0.08042782,0.13941182,0.07826135,0.041074842,0.07139041
0.15185411,0.05035284,0.23102622,0.04655447,0.11091495,0.081489734,0.14848311,0.06584222,0.028630177,0.08485216
0.14900494,0.047948726,0.21758905,0.047230996,0.10901237,0.0790603,0.15404585,0.06914461,0.032984626,0.093978524
0.14936583,0.05014409,0.2451736,0.048882145,0.09912148,0.07840179,0.13761708,0.07076317,0.03584513,0.08468568
0.15140493,0.058962397,0.2307534,0.044955026,0.08051626,0.07918218,0.14348778,0.10379693,0.037620246,0.069320835
0.1538116,0.0547602,0.22474055,0.04903439,0.0866276,0.080904596,0.13997656,0.083069086,0.043851506,0.08322395
0.13243663,0.06386195,0.24774338,0.059474334,0.07875275,0.09079301,0.10963813,0.08230808,0.060375236,0.074616455
0.14563665,0.07071063,0.15689021,0.0702361,0.06762429,0.10245866,0.122099385,0.08032422,0.0829567,0.101063095
0.17592421,0.086718135,0.0880284,0.075168766,0.05016683,0.12023671,0.13024844,0.10093411,0.075862974,0.096711405
0.17331108,0.062792614,0.10304599,0.06636958,0.06947315,0.09881666,0.16549498,0.084740855,0.049342174,0.12661295
0.13617876,0.057603076,0.22465898,0.05452465,0.098423734,0.08111445,0.12910156,0.08850979,0.046633802,0.08325124
0.11929174,0.057472248,0.20440443,0.050957397,0.12235667,0.07766364,0.12450891,0.10057565,0.064080454,0.0786889
0.12280333,0.042550534,0.21024275,0.03923314,0.1527081,0.073479235,0.14250374,0.08626819,0.042273108,0.08793793
0.12365857,0.038781367,0.24321243,0.03523118,0.13481821,0.074143656,0.14067806,0.08550684,0.040867057,0.083102666
0.12952062,0.04827206,0.24903111,0.039614715,0.09121204,0.07993998,0.15563032,0.11022946,0.030571152,0.06597851
0.09369732,0.06449237,0.21616209,0.055866312,0.09373825,0.093978636,0.09413273,0.11258469,0.11041485,0.064932756
0.08750092,0.06290629,0.25867364,0.05712035,0.10180327,0.08193548,0.09844802,0.092537664,0.100303225,0.058771033
0.08674546,0.060846355,0.25791028,0.055319823,0.102621004,0.085196,0.09484585,0.09241794,0.10666064,0.05743663
0.11357453,0.08377201,0.23051406,0.06265578,0.059352506,0.086452685,0.11228695,0.10046813,0.09730404,0.053619243
0.13762574,0.07457594,0.22693564,0.06285052,0.060771987,0.08972601,0.12396579,0.088176526,0.0682398,0.06713205
0.09098732,0.07045434,0.23838985,0.060909703,0.09183769,0.086860254,0.093483984,0.1029767,0.10906417,0.05503594
0.10932316,0.0630271,0.25685623,0.055549283,0.08833031,0.08661323,0.10309596,0.099958435,0.0725268,0.064719535
0.10973048,0.06585277,0.1912338,0.05194158,0.0987193,0.081126295,0.12553637,0.12411625,0.0754572,0.076285966
0.09144967,0.06029715,0.14073782,0.053737756,0.06803407,0.1237962,0.16598259,0.07837659,0.088357046,0.12923113
0.1071227,0.056487687,0.100257434,0.04655823,0.049783364,0.18463638,0.21454088,0.055652644,0.061668783,0.12329187
0.09414317,0.052316524,0.112835966,0.044282056,0.055447247,0.1687255,0.20926091,0.06810288,0.06395084,0.1309349
0.07306076,0.038290374,0.18460695,0.037590902,0.06139356,0.10186441,0.16561544,0.10750437,0.08661241,0.14346087
0.069830105,0.043195575,0.21040483,0.04405961,0.06701661,0.08385088,0.13277186,0.1040284,0.112338826,0.13250326
0.08269458,0.044638596,0.20338927,0.038152806,0.05660467,0.09157712,0.15709527,0.09213048,0.11011894,0.12359829
0.08505429,0.051523797,0.18509737,0.046247605,0.059117444,0.1049031,0.18012083,0.07070595,0.09615192,0.12107765
0.10603068,0.051202502,0.16501132,0.043024063,0.049454458,0.119024806,0.19552372,0.06264225,0.09041214,0.11767408
0.10869104,0.053693883,0.121025264,0.04547988,0.04469948,0.1350949,0.20819616,0.06705187,0.08109892,0.13496856
0.099840954,0.049989346,0.17501174,0.045039564,0.059879214,0.11539765,0.1685353,0.073579505,0.08079729,0.1319294
0.11258661,0.054101493,0.13046756,0.047946446,0.05154409,0.13338433,0.18954472,0.06685952,0.077355996,0.13620916
0.07968111,0.037406936,0.19550352,0.036325697,0.058397718,0.09719624,0.16094139,0.10220393,0.08938341,0.14295998
0.068851665,0.031640816,0.17976649,0.03581393,0.06208868,0.09342333,0.17825359,0.107815005,0.07743777,0.16490866
0.08099911,0.060588747,0.07697847,0.052548327,0.0592462,0.18607245,0.2557218,0.052503694,0.035354774,0.13998647
0.07431989,0.037238326,0.2189818,0.037745327,0.057917133,0.08625872,0.13803218,0.1039036,0.11046212,0.13514085
0.08141458,0.05158656,0.15405025,0.054604195,0.06537595,0.10174804,0.12902823,0.09937195,0.087112956,0.1757073
0.0922822,0.057195917,0.14367305,0.05161308,0.06375255,0.10853505,0.14971195,0.09102859,0.08600322,0.15620442
0.10958137,0.068662025,0.10530136,0.06898429,0.055827875,0.12819482,0.14715864,0.07125151,0.076471284,0.16856678
0.09249771,0.05134854,0.14965484,0.058635868,0.066714734,0.10680829,0.13162318,0.083302096,0.083110504,0.1763042
0.08661558,0.04737189,0.15717903,0.052182034,0.06642982,0.10482006,0.13522261,0.09861174,0.08548186,0.1660854
0.096791044,0.048856795,0.16998385,0.046645027,0.06268,0.10858065,0.14905974,0.08820845,0.08932725,0.13986711
0.10103901,0.055947278,0.14059156,0.05628252,0.06632584,0.106135815,0.13547081,0.09324676,0.08820902,0.15675135
0.094919905,0.06054252,0.13936357,0.062324956,0.07173826,0.099714935,0.11982779,0.09783165,0.09909457,0.1546418
0.09426419,0.056053836,0.14813894,0.05568224,0.06863214,0.10187302,0.13164522,0.09759359,0.09502462,0.1510922
0.112281285,0.08351604,0.078768864,0.07763103,0.06479146,0.14720054,0.15014139,0.06357229,0.07864547,0.14345157
0.1066301,0.08026694,0.06849912,0.08204943,0.056081142,0.1677055,0.1692979,0.052727792,0.057078734,0.15966344
0.080717705,0.046315428,0.18812819,0.04481384,0.06515077,0.10650704,0.1490806,0.09103907,0.09224662,0.13600072
0.07823328,0.04303526,0.15939243,0.042179488,0.064384796,0.12873498,0.1730149,0.08686454,0.07637379,0.14778651
0.07714511,0.04670982,0.15118806,0.04243335,0.069145866,0.13003808,0.19600205,0.08427737,0.06850215,0.13455816
0.108130634,0.055496193,0.10834316,0.04532525,0.04644885,0.17545769,0.22482198,0.053157944,0.060466606,0.122351676
0.04921834,0.057064854,0.14115581,0.0535651,0.17565155,0.061516386,0.062924206,0.2459544,0.05604625,0.09690321
0.05001817,0.05627455,0.14228116,0.05410913,0.16746378,0.060767762,0.06428652,0.23991275,0.06180264,0.10308351
0.051863063,0.052717,0.13015103,0.04882577,0.15033017,0.057939894,0.06867926,0.2804497,0.069512755,0.08953138
0.052368015,0.04905416,0.16082469,0.050205354,0.13543901,0.05680032,0.06700658,0.24431442,0.09007825,0.09390922
0.046678804,0.072946064,0.14662714,0.06728684,0.16803552,0.07404896,0.064227074,0.18822002,0.056898374,0.1150313
0.045531075,0.0613369,0.14506209,0.05644873,0.17904152,0.058616474,0.061586626,0.23691578,0.058548648,0.096912235
0.03999169,0.11445483,0.08306616,0.109452225,0.16555826,0.048040558,0.0684233,0.1767407,0.07643941,0.11783292
0.04203422,0.09493494,0.10280991,0.092082135,0.14470556,0.04315597,0.06986658,0.20717838,0.08619332,0.11703893
0.036558144,0.0921962,0.13243817,0.087443836,0.1920801,0.043441307,0.05637784,0.17703949,0.0682113,0.114213645
0.044451784,0.06629345,0.11934863,0.06349548,0.16815853,0.054062415,0.06650678,0.24748006,0.06366179,0.10654102
0.050743233,0.067335315,0.109350786,0.06686851,0.15572302,0.055020172,0.068846054,0.2540687,0.06456965,0.10747455
0.05845895,0.049947567,0.13017505,0.052863073,0.11720828,0.058602687,0.07222315,0.2570587,0.09870999,0.10475257
0.054633196,0.04886807,0.11520916,0.05226532,0.117863685,0.05769018,0.075733185,0.26680204,0.10091814,0.110016994
0.054864302,0.055849783,0.13772577,0.053329147,0.16012345,0.06316821,0.064462766,0.24401076,0.07062583,0.09583989
0.051079266,0.049382973,0.109682135,0.05068355,0.1261587,0.057363976,0.0786601,0.27781892,0.10136077,0.09780954
0.055936884,0.047223043,0.11480951,0.04944226,0.11151139,0.05503204,0.07865318,0.2717453,0.117540374,0.09810602
0.06014944,0.04997318,0.12801604,0.05174743,0.1222154,0.05838889,0.076791346,0.26601404,0.091953546,0.09475071
0.05227542,0.056529373,0.13907346,0.05449567,0.14584096,0.057252754,0.06509933,0.25937495,0.072046846,0.09801127
0.041775845,0.09523947,0.13902856,0.09087758,0.17672902,0.044804152,0.056448914,0.18347475,0.06786873,0.103752896
0.03686349,0.088344425,0.13763002,0.08029665,0.1864606,0.044874202,0.06337677,0.19228017,0.064448744,0.10542496
0.035908252,0.10197365,0.13782121,0.09409056,0.17885298,0.04145678,0.06109009,0.17507204,0.06499376,0.10874062
0.03595508,0.09957602,0.14176266,0.09240737,0.17535795,0.04337091,0.059537183,0.1759445,0.06674866,0.10933967
0.03674774,0.10807999,0.13933198,0.098632276,0.17089808,0.042895686,0.054372188,0.1662907,0.06794819,0.11480318
0.036573008,0.10517598,0.1365252,0.094829015,0.16982403,0.043442957,0.05517435,0.17644118,0.07108302,0.11093129
0.038413137,0.087870836,0.12549053,0.083738975,0.15476902,0.048000492,0.06375007,0.2006564,0.08078575,0.11652473
0.045453824,0.07325731,0.1377928,0.0678021,0.16612831,0.051258866,0.06393015,0.22655831,0.07016758,0.09765071
0.05160919,0.10919046,0.10096488,0.09397307,0.13140497,0.051663652,0.08087252,0.17727485,0.09402843,0.10901799
0.05133904,0.114955015,0.096500285,0.11691678,0.12495761,0.049872812,0.07153236,0.16608298,0.08750614,0.12033696
0.0510586,0.08502698,0.10330207,0.07985055,0.14022537,0.048606806,0.077302046,0.21875952,0.087651595,0.108216494
0.05338326,0.09704492,0.08681584,0.094708055,0.12921996,0.052386895,0.078583114,0.20397493,0.08602133,0.11786175
0.08529241,0.046319418,0.14567944,0.050132643,0.09581689,0.06394613,0.102745645,0.094093025,0.13991141,0.17606305
0.10253126,0.045994505,0.14047727,0.047134746,0.087973505,0.0701187,0.105520844,0.092226885,0.14388424,0.16413803
0.10632137,0.043030743,0.13923591,0.047008503,0.09697762,0.07808446,0.08992803,0.12761083,0.09723961,0.17456287
0.108704746,0.043787815,0.13418162,0.047127116,0.09555131,0.083589084,0.08875012,0.12962684,0.098745756,0.16993558
0.12725006,0.052994978,0.13538642,0.05137297,0.10058406,0.08390375,0.067798,0.10990851,0.13227434,0.13852684
0.10546279,0.042646006,0.16540524,0.043170456,0.114818975,0.08833007,0.080081835,0.119949214,0.08492153,0.15521389
0.12933467,0.03976895,0.14790654,0.037348285,0.08821238,0.09273426,0.09008051,0.11396972,0.12673989,0.1339048
0.10736762,0.0415965,0.16882811,0.044276986,0.10705966,0.08304203,0.08170159,0.11668976,0.09019868,0.15923898
0.110020906,0.0383534,0.17711352,0.037603255,0.11930447,0.092241436,0.076675124,0.115138076,0.09186386,0.14168595
0.1164739,0.04288856,0.15482162,0.042926718,0.099470615,0.09037571,0.07385521,0.114568725,0.107631415,0.15698744
0.12457407,0.05123939,0.12349299,0.04832042,0.09306289,0.089146495,0.07207361,0.11676408,0.1499202,0.1314059
0.12599578,0.046232793,0.13844405,0.04813611,0.07999319,0.08514243,0.07452979,0.11366082,0.12826549,0.1595996
0.11687551,0.050438218,0.12888199,0.052849703,0.09309841,0.08246154,0.07710448,0.124812216,0.11241239,0.16106562
0.11418777,0.058188103,0.11926325,0.06045149,0.08993263,0.08248838,0.071356,0.121955745,0.10427076,0.17790587
0.124584034,0.057631474,0.09820651,0.057305105,0.07957065,0.07538018,0.06510189,0.11850256,0.1843007,0.1394169
0.11761512,0.04940053,0.14044324,0.046572745,0.10579588,0.086331815,0.07093281,0.11894724,0.13394332,0.13001722
0.11258917,0.040468544,0.13503796,0.039866567,0.09204048,0.08924788,0.090029515,0.13466996,0.12521827,0.14083153
0.12410247,0.042257234,0.12159653,0.04296698,0.07578588,0.08148752,0.08395776,0.124441355,0.1621935,0.1412107
0.12349627,0.04222829,0.14578718,0.04445111,0.08359185,0.08680078,0.08888086,0.115391895,0.11141392,0.15795782
0.12699161,0.04255648,0.14559847,0.041980293,0.08825285,0.08479246,0.073773965,0.11260193,0.15207714,0.13137472
0.091221966,0.040144153,0.19388078,0.03755553,0.15014695,0.09148555,0.07091715,0.10899696,0.07096025,0.14469065
0.100439735,0.0404791,0.16653849,0.041591186,0.106218874,0.088414066,0.08644436,0.12370225,0.085530475,0.1606415
0.10688419,0.039623283,0.18144476,0.04070114,0.10301151,0.08685634,0.08061397,0.11712782,0.09018397,0.15355302
0.14093229,0.040998694,0.12418883,0.040618215,0.061676655,0.09316353,0.10153213,0.10426982,0.13531221,0.15730764
0.11590494,0.040860955,0.17387234,0.042821486,0.10022422,0.08539329,0.078922346,0.11593883,0.097175166,0.14888643
0.10997524,0.048446547,0.13534836,0.049697835,0.10387204,0.082765095,0.07908187,0.12931485,0.104922034,0.15657622
0.11979045,0.045549072,0.14959526,0.045619454,0.10044817,0.08549175,0.075823806,0.11921861,0.12039017,0.13807324
0.120782666,0.042427745,0.13306573,0.04446979,0.08470336,0.08713379,0.09152222,0.124941826,0.11561204,0.15534091
0.13994521,0.041619815,0.12408046,0.04262885,0.06299456,0.08872024,0.101918876,0.10567488,0.13039067,0.16202654
0.11418069,0.04185312,0.16811316,0.045062754,0.09849705,0.07932535,0.08032519,0.118749626,0.1015013,0.1523917
0.05846717,0.09175997,0.02709591,0.08532232,0.058427706,0.25431252,0.13049236,0.11123009,0.032534808,0.1503571
0.06431253,0.1102414,0.024478484,0.09585442,0.055126354,0.2299419,0.11970203,0.10766107,0.051974256,0.14070754
0.06754323,0.10982588,0.027843364,0.09875547,0.058599275,0.13046263,0.12649268,0.16649753,0.07015285,0.14382719
0.05233233,0.08367462,0.046439126,0.079476774,0.08379743,0.1501218,0.108756885,0.18052855,0.033684902,0.1811876
0.04884764,0.084181346,0.043331355,0.08193695,0.083609246,0.1533813,0.11357678,0.17467767,0.03223694,0.18422079
0.049303316,0.08590758,0.0419057,0.08271667,0.082814746,0.16935584,0.114894405,0.16155918,0.032992538,0.17854998
0.060753614,0.08384815,0.03888109,0.075370766,0.06513767,0.21664838,0.13064174,0.12089602,0.03833132,0.16949126
0.052510954,0.09021676,0.05155608,0.07629988,0.07519796,0.16142106,0.12537062,0.13490984,0.04232306,0.19019377
0.06749927,0.08725751,0.047707565,0.076463655,0.0702923,0.112599425,0.1131388,0.19847164,0.05407249,0.17249732
0.040406004,0.09967319,0.031980533,0.09511232,0.06657547,0.21292722,0.14092198,0.085189775,0.039841946,0.18737158
0.047822718,0.0865373,0.03354238,0.08685819,0.06892664,0.21867718,0.12948838,0.117902145,0.03280943,0.17743555
0.061652303,0.07969367,0.04319813,0.07948987,0.075827084,0.15689756,0.11058358,0.18067059,0.036961585,0.17502554
0.063285306,0.08562607,0.034419585,0.08596588,0.06870279,0.18851297,0.11762654,0.15849574,0.039118614,0.15824653
0.079897225,0.09645518,0.03549513,0.09312269,0.063406006,0.13596459,0.108913,0.16665539,0.080498874,0.13959189
0.076189786,0.091533825,0.042341705,0.09520576,0.062500045,0.135335,0.11235529,0.15806067,0.08299569,0.14348221
0.07450278,0.09698335,0.040979873,0.09229511,0.06343991,0.1282636,0.11568757,0.15174365,0.10140913,0.13469505
0.06602924,0.105631225,0.038889363,0.09553868,0.07408149,0.11701877,0.113417014,0.17939532,0.06167191,0.14832705
0.0662719,0.117503196,0.03605363,0.105265565,0.06395393,0.11117635,0.11127079,0.16466619,0.07925859,0.14457978
0.053982403,0.16207515,0.026555225,0.12347025,0.05929811,0.1491912,0.10917795,0.110347554,0.055435907,0.15046625
0.058228638,0.0925039,0.056552056,0.077358626,0.089473866,0.11213235,0.113860756,0.18834206,0.053202678,0.15834504
0.059167556,0.07459161,0.05729427,0.07980303,0.08159105,0.13649453,0.10804168,0.18729468,0.042820323,0.1729013
0.06027245,0.07916811,0.055388134,0.07522038,0.083304144,0.14350164,0.10752732,0.1796638,0.041331463,0.17462257
0.060159676,0.077123806,0.05327011,0.07562449,0.0762703,0.15858634,0.11370957,0.16272843,0.04176022,0.18076712
0.05419429,0.095674664,0.045324143,0.07715049,0.08455128,0.109179415,0.13219142,0.19489442,0.03310206,0.17373781
0.056104228,0.0867583,0.043520764,0.07907393,0.08212752,0.1284777,0.10988661,0.20282075,0.03466426,0.17656597
0.05514793,0.079152584,0.04364939,0.08097606,0.07964139,0.15011492,0.10850101,0.18445188,0.033082213,0.18528253
0.045344494,0.09412679,0.041594874,0.09369582,0.07184552,0.17156832,0.12915653,0.106696546,0.043681383,0.20228967
0.039724544,0.09382747,0.039607465,0.09772316,0.08304053,0.17223947,0.11852633,0.1215597,0.037588302,0.1961631
0.034873914,0.09894015,0.03833947,0.100347206,0.09143638,0.157067,0.11910265,0.12924963,0.034910433,0.19573316
0.029386707,0.10988327,0.042513177,0.09778838,0.08714113,0.14025831,0.13247667,0.11715831,0.03587806,0.20751601
0.06686203,0.16082515,0.053089384,0.12730667,0.10094137,0.081823826,0.09596542,0.15833835,0.07011185,0.08473597
0.06939221,0.17022419,0.055192653,0.12973292,0.1010708,0.089901604,0.07808173,0.14543726,0.081743464,0.07922315
0.07065487,0.1594189,0.057158686,0.1256592,0.102715194,0.08606593,0.08525128,0.15519409,0.0786158,0.07926614
0.08342402,0.10253161,0.06295256,0.090817094,0.11277606,0.0773189,0.12810636,0.20782542,0.061017964,0.073230036
0.10492539,0.09229169,0.066253945,0.078229554,0.11596916,0.08697861,0.09967526,0.21552032,0.076007046,0.06414902
0.097968586,0.09260316,0.05796243,0.080036685,0.10713366,0.07011926,0.13364035,0.22589286,0.05865882,0.075984105
0.10821378,0.07372304,0.06281428,0.06583141,0.11340004,0.064193435,0.13779275,0.24707706,0.061646596,0.06530761
0.094189405,0.091191694,0.079123266,0.08615621,0.1125196,0.07415869,0.11397858,0.21227661,0.065717526,0.07068835
0.088346995,0.13412872,0.07434984,0.11492754,0.09646065,0.07153207,0.08669954,0.16792701,0.081046365,0.084581174
0.094463296,0.1132038,0.08316906,0.100497134,0.101527154,0.072587885,0.08918322,0.18662077,0.08396165,0.07478608
0.07930859,0.15003087,0.07099949,0.12411412,0.09805846,0.07570826,0.07527507,0.15938978,0.09043831,0.0766771
0.07845431,0.13999952,0.07772486,0.12082918,0.10087356,0.07736984,0.0793264,0.16128959,0.09441203,0.06972071
0.07701593,0.15081014,0.0690054,0.1268691,0.098375924,0.08393924,0.08223791,0.15578705,0.082302175,0.07365705
0.08302242,0.1292006,0.0762906,0.11008274,0.117538944,0.09917335,0.08741599,0.16012073,0.07994847,0.057206143
0.09964673,0.110090174,0.09168089,0.100905746,0.09826862,0.08566794,0.08175108,0.18257369,0.09060089,0.058814257
0.111732125,0.071486466,0.08402468,0.06662118,0.12541965,0.096729994,0.092703514,0.22893958,0.072859086,0.04948371
0.10431169,0.0902056,0.072733596,0.08446765,0.114580795,0.0996466,0.1062448,0.20616707,0.067740396,0.05390187
0.077927016,0.140106,0.051473074,0.10935504,0.11496428,0.10337474,0.093146466,0.16665082,0.07138628,0.07161628
0.10896408,0.07869895,0.06156259,0.07316437,0.11558518,0.07865382,0.1263739,0.23440401,0.058726348,0.06386673
0.10622098,0.08413845,0.054913763,0.074207395,0.10570858,0.06669021,0.13644703,0.24198146,0.051578395,0.07811369
0.13521671,0.074306205,0.06615142,0.06856522,0.117989756,0.080017194,0.10280243,0.22283636,0.08067189,0.051442776
0.14995776,0.07811257,0.09045624,0.077432,0.09462124,0.08612762,0.08386068,0.20070192,0.09166205,0.047067966
0.14788473,0.08044606,0.09194223,0.0769377,0.09151263,0.07815115,0.08396762,0.20331989,0.09111926,0.05471866
0.12393914,0.07598901,0.094823614,0.0705235,0.1085472,0.08249256,0.08527096,0.22679734,0.075712934,0.055903643
0.12917301,0.07215429,0.07886438,0.06548471,0.10701698,0.06520624,0.12378402,0.22716127,0.071484685,0.059670437
0.13586524,0.07317483,0.08091909,0.0660873,0.11077804,0.07585188,0.093921244,0.2257735,0.0805791,0.057049707
0.15061978,0.06951956,0.070541345,0.062546425,0.11096599,0.07019148,0.09632654,0.220272,0.09964088,0.049376007
0.16816384,0.06659171,0.07148612,0.06147052,0.10455959,0.07230454,0.07337473,0.21027799,0.13395624,0.037814714
0.14628734,0.06723777,0.0657446,0.06366038,0.11135456,0.06576408,0.11435022,0.22733049,0.08940618,0.048864324
0.09070528,0.12631273,0.06471716,0.10484375,0.10601332,0.07669501,0.090666756,0.1737733,0.080501445,0.08577131
0.1078115,0.052020375,0.1348844,0.05018266,0.07681418,0.08703876,0.124119736,0.13613601,0.13537243,0.09562
0.08135032,0.04852246,0.15405253,0.046681132,0.087370425,0.07732364,0.093843415,0.161822,0.13579156,0.1132426
0.058943413,0.042024422,0.17963769,0.041112654,0.1078891,0.06452714,0.07253255,0.18734741,0.12681729,0.119168304
0.043900702,0.033700164,0.20579065,0.031603083,0.13243003,0.055664275,0.06632502,0.19214763,0.123634405,0.11480402
0.06733714,0.044054125,0.17045407,0.042784587,0.107338026,0.0700903,0.0731223,0.18390965,0.12353105,0.11737873
0.04987671,0.038050354,0.2005524,0.03684072,0.11697031,0.0594832,0.07048341,0.17830102,0.13309667,0.116345234
0.033802375,0.025822455,0.28902602,0.024494547,0.1292457,0.036076196,0.06452069,0.16345207,0.1407802,0.09277977
0.043481294,0.028173232,0.2901588,0.02790937,0.13043736,0.042121097,0.0587925,0.12324671,0.18363321,0.072046444
0.03490231,0.020004453,0.39099967,0.020069126,0.1064025,0.027912904,0.05208254,0.09528353,0.19347902,0.05886396
0.03853917,0.020693388,0.3941233,0.021361448,0.10008444,0.031022709,0.059030477,0.09724428,0.1737756,0.06412518
0.038501307,0.01860883,0.36303788,0.01917063,0.08723102,0.026388744,0.049249467,0.08567572,0.25614685,0.05598959
0.03392797,0.023457475,0.38395375,0.018761883,0.124525875,0.017717255,0.038951006,0.06390606,0.2534924,0.041306343
0.032157436,0.026720094,0.35326424,0.022523517,0.1180033,0.026871441,0.043352924,0.09043918,0.23036106,0.05630678
0.035488416,0.02222002,0.35252503,0.020260317,0.11497242,0.02363321,0.044575844,0.071354955,0.27092394,0.04404589
0.055557135,0.02089569,0.29553977,0.021628607,0.06476944,0.030114511,0.070506245,0.061993245,0.32625568,0.052739702
0.035757262,0.019611796,0.3839031,0.018440567,0.09255312,0.024076646,0.04641503,0.075776815,0.25463688,0.04882882
0.045370735,0.020054068,0.32611525,0.021828866,0.07266878,0.03203838,0.06541142,0.09749819,0.24957132,0.06944299
0.029832251,0.023385432,0.42231837,0.01992916,0.13104364,0.028227147,0.048084866,0.10901569,0.12279662,0.06536683
0.033991504,0.029102255,0.34679434,0.02487277,0.13250381,0.036078636,0.052821882,0.14430547,0.11359064,0.085938774
0.06808733,0.049431738,0.20743366,0.043909788,0.096309714,0.056754142,0.07312933,0.17242038,0.12451515,0.10800875
0.045444846,0.047695264,0.2336794,0.039845657,0.10151398,0.04286738,0.061727762,0.18427847,0.12487076,0.118076526
0.05375962,0.042709913,0.18344209,0.04050457,0.104391105,0.061747134,0.07459215,0.18978463,0.12901108,0.120057724
0.037382577,0.0338441,0.2739126,0.027302107,0.14193685,0.0430505,0.05735662,0.17553434,0.1067833,0.10289694
0.046843797,0.03252924,0.19258393,0.03223724,0.12980376,0.05574538,0.07216906,0.19228397,0.13463598,0.11116757
0.06575868,0.029065866,0.24208544,0.031596273,0.06512619,0.04226563,0.08663375,0.117846504,0.23798135,0.08164024
0.03458483,0.02927123,0.24259101,0.0248371,0.12533091,0.03208408,0.060791913,0.14510119,0.22811148,0.07729631
0.054411825,0.034378365,0.2727884,0.033672344,0.11206788,0.044185843,0.06335384,0.13482708,0.15774982,0.092564695
0.06425454,0.032425705,0.22308092,0.03695411,0.09983572,0.050019722,0.07903013,0.12912294,0.1901198,0.09515645
0.032404378,0.025149833,0.36532375,0.021036781,0.1247519,0.030131012,0.050214928,0.1165906,0.16541228,0.06898458
0.068577,0.03538034,0.1662823,0.037690256,0.107049525,0.06427935,0.08821014,0.16562833,0.1542213,0.11268157
0.056133915,0.08278801,0.15829976,0.060613558,0.12311655,0.059880853,0.10556644,0.21162072,0.0917122,0.050267946
0.062412586,0.079735115,0.14319359,0.072519794,0.10777549,0.07423215,0.10884725,0.2049289,0.08564884,0.06070627
0.058401532,0.08115301,0.14811641,0.079628885,0.10614411,0.08818595,0.101599075,0.17850888,0.089102626,0.06915955
0.027819816,0.07134925,0.32941917,0.058952264,0.12108678,0.059108794,0.07134292,0.12184053,0.07314498,0.06593547
0.030535946,0.0757322,0.3099685,0.055200804,0.12595256,0.051067784,0.05489294,0.100186214,0.1410367,0.055426363
0.04199836,0.09048934,0.21822369,0.0667888,0.10893509,0.052803364,0.066171005,0.16449854,0.1335539,0.05653788
0.028720774,0.07173862,0.3228079,0.057485804,0.1182218,0.047616225,0.04757966,0.09210004,0.15268217,0.061046988
0.046179455,0.10233314,0.18203579,0.089290656,0.10084144,0.05762537,0.060652155,0.15175466,0.13853823,0.0707491
0.04628629,0.1077799,0.17838795,0.097312346,0.102317005,0.058250535,0.060999367,0.15131462,0.12755507,0.069796994
0.030973742,0.07618871,0.29371336,0.05862151,0.13035645,0.053232927,0.053184163,0.10291192,0.14314897,0.0576683
0.056810502,0.09805416,0.13578948,0.09801951,0.100431725,0.07490113,0.06922398,0.17042118,0.13114534,0.06520295
0.06432901,0.10234428,0.106237724,0.07726247,0.12020351,0.07249133,0.08549925,0.19535515,0.12997799,0.04629936
0.05304039,0.09177537,0.18259877,0.07604648,0.122852705,0.0791086,0.08529689,0.16472606,0.08918197,0.05537263
0.05531154,0.1148199,0.1005988,0.09626437,0.10726696,0.08133519,0.08396275,0.18591213,0.11179158,0.06273676
0.06256114,0.09246581,0.1041971,0.074107334,0.11339293,0.07062509,0.09489665,0.23167324,0.10367186,0.052408908
0.059344936,0.08584384,0.13890645,0.08340874,0.10386694,0.076303266,0.10465887,0.19436802,0.08667027,0.06662863
